# 80 rows of flux data
# 12 columns of flux data
# 
# total cross-sectional flux  5.491859e-02 /m^2/yr
#
#                             +x ram      -x wake      +y port -y starboard    +z zenith     -z nadir        Earth          Sun     anti-Sun      rot (x)      rot (y)      rot (z) 
# average speed (km/s)          0.08         0.07         1.36         1.37         1.08         1.13         1.10         1.35         1.36         0.31         0.20         0.46 
# total flux (#/m2/yr)  4.186653e-02 2.121069e-03 2.025250e-02 2.019421e-02 2.153678e-01 2.107193e-01 3.803664e-02 2.053809e-02 2.048558e-02 3.428701e-02 7.921816e-02 1.471236e-02 
# velocity (km/s)
     0.5                1.996940e-06 1.316810e-06 2.008887e-06 1.983174e-06 1.778140e-06 1.751720e-06 2.090882e-06 2.009131e-06 1.983317e-06 4.978378e-06 5.084714e-06 4.875082e-06 
     1.5                1.647410e-05 7.493959e-06 2.389136e-05 2.322280e-05 1.584042e-05 1.525720e-05 2.281523e-05 2.389383e-05 2.322603e-05 4.113485e-05 4.024604e-05 3.643191e-05 
     2.5                3.288637e-05 3.141322e-05 8.439282e-05 8.050612e-05 4.220589e-05 3.991050e-05 7.189206e-05 8.439140e-05 8.051568e-05 9.237761e-05 9.777575e-05 8.487915e-05 
     3.5                7.625805e-05 6.671346e-05 1.487561e-04 1.509867e-04 8.620234e-05 7.119282e-05 1.269668e-04 1.487249e-04 1.509933e-04 2.268247e-04 2.005539e-04 2.238738e-04 
     4.5                1.934956e-04 8.474368e-05 1.822952e-04 1.826333e-04 2.014178e-04 1.777539e-04 1.997671e-04 1.821822e-04 1.826716e-04 4.709498e-04 4.161469e-04 4.575324e-04 
     5.5                2.519465e-04 1.306205e-04 2.506832e-04 2.549198e-04 3.696817e-04 3.457285e-04 3.048510e-04 2.507086e-04 2.549654e-04 7.305792e-04 6.564310e-04 6.519809e-04 
     6.5                2.783019e-04 1.843629e-04 4.589472e-04 4.677853e-04 6.442141e-04 6.157967e-04 4.860514e-04 4.590049e-04 4.678217e-04 9.945487e-04 8.426072e-04 8.275846e-04 
     7.5                3.164838e-04 2.276420e-04 6.687302e-04 6.723963e-04 9.554043e-04 9.423065e-04 7.153022e-04 6.689290e-04 6.724220e-04 1.191857e-03 1.024789e-03 9.745020e-04 
     8.5                3.196426e-04 2.671075e-04 8.614439e-04 8.707287e-04 1.315971e-03 1.288143e-03 8.897205e-04 8.616708e-04 8.707885e-04 1.447185e-03 1.174922e-03 1.140514e-03 
     9.5                3.169357e-04 2.349685e-04 1.034858e-03 1.039109e-03 1.741443e-03 1.732618e-03 1.102311e-03 1.035119e-03 1.039177e-03 1.597605e-03 1.195871e-03 1.225229e-03 
    10.5                3.839656e-04 1.942470e-04 1.198712e-03 1.209173e-03 2.237982e-03 2.241349e-03 1.319180e-03 1.199205e-03 1.209311e-03 1.689234e-03 1.186707e-03 1.368894e-03 
    11.5                3.467941e-04 1.619298e-04 1.303052e-03 1.322587e-03 2.693103e-03 2.712400e-03 1.425559e-03 1.303769e-03 1.322913e-03 1.682976e-03 1.030485e-03 1.389946e-03 
    12.5                3.616970e-04 1.379730e-04 1.311856e-03 1.318748e-03 3.230383e-03 3.227601e-03 1.524974e-03 1.312706e-03 1.319093e-03 1.786911e-03 1.070910e-03 1.482886e-03 
    13.5                3.492421e-04 1.072130e-04 1.330651e-03 1.324209e-03 3.827567e-03 3.770855e-03 1.622541e-03 1.331565e-03 1.324641e-03 1.618879e-03 9.194445e-04 1.452764e-03 
    14.5                3.552341e-04 9.401693e-05 1.338874e-03 1.333611e-03 4.248772e-03 4.208213e-03 1.685904e-03 1.339926e-03 1.334254e-03 1.718618e-03 9.866361e-04 1.489309e-03 
    15.5                3.840386e-04 7.377016e-05 1.295902e-03 1.289805e-03 4.765962e-03 4.762761e-03 1.731558e-03 1.297141e-03 1.290600e-03 1.691796e-03 9.379065e-04 1.552675e-03 
    16.5                3.343261e-04 6.032139e-05 1.278179e-03 1.271681e-03 5.344349e-03 5.331764e-03 1.787838e-03 1.279675e-03 1.272630e-03 1.581042e-03 7.923107e-04 1.507517e-03 
    17.5                4.164402e-04 4.819682e-05 1.221560e-03 1.213168e-03 5.812122e-03 5.758733e-03 1.829613e-03 1.223482e-03 1.214385e-03 1.538050e-03 8.018451e-04 1.574264e-03 
    18.5                3.295326e-04 3.390007e-05 1.124119e-03 1.122048e-03 6.339016e-03 6.274897e-03 1.804299e-03 1.126279e-03 1.123438e-03 1.115721e-03 5.275078e-04 1.458441e-03 
    19.5                3.109526e-04 2.541096e-05 1.032376e-03 1.021509e-03 6.825305e-03 6.755889e-03 1.810704e-03 1.034999e-03 1.023153e-03 1.027271e-03 5.226600e-04 1.408217e-03 
    20.5                2.428146e-04 2.323065e-05 8.832730e-04 8.800897e-04 7.155858e-03 7.136039e-03 1.684889e-03 8.865675e-04 8.821653e-04 6.009494e-04 7.085333e-04 1.136836e-03 
    21.5                3.499594e-04 2.393394e-05 7.892065e-04 8.017791e-04 7.551812e-03 7.581303e-03 1.616967e-03 7.927208e-04 8.042278e-04 5.415154e-04 1.045473e-03 9.823381e-04 
    22.5                4.489786e-04 1.691962e-05 6.810775e-04 6.867763e-04 7.902474e-03 7.853208e-03 1.554572e-03 6.850588e-04 6.894146e-04 6.859853e-04 1.410735e-03 8.218113e-04 
    23.5                7.566275e-04 1.262284e-05 5.814860e-04 5.930308e-04 8.157719e-03 8.018098e-03 1.366916e-03 5.861010e-04 5.966367e-04 1.204963e-03 2.094220e-03 5.335512e-04 
    24.5                6.794594e-04 9.737049e-06 5.365363e-04 5.505493e-04 8.088018e-03 8.036830e-03 1.335349e-03 5.413681e-04 5.549324e-04 1.249745e-03 2.021129e-03 5.925903e-04 
    25.5                1.060362e-03 7.069843e-06 4.672529e-04 4.807722e-04 8.465490e-03 8.208264e-03 1.162653e-03 4.724466e-04 4.860458e-04 1.913232e-03 2.848099e-03 4.592982e-04 
    26.5                1.297062e-03 4.049936e-06 4.021481e-04 4.113491e-04 8.314813e-03 8.207666e-03 9.807277e-04 4.079349e-04 4.178851e-04 2.435695e-03 3.409238e-03 6.379662e-04 
    27.5                1.479204e-03 1.993865e-06 3.657948e-04 3.784390e-04 8.279452e-03 8.068483e-03 8.398083e-04 3.711931e-04 3.852365e-04 2.802593e-03 3.756298e-03 8.978726e-04 
    28.5                1.593221e-03 4.918681e-07 3.870977e-04 3.854305e-04 8.022519e-03 7.842309e-03 7.713733e-04 3.925087e-04 3.918075e-04 3.012190e-03 3.935078e-03 1.117460e-03 
    29.5                1.862316e-03 2.824695e-08 3.662720e-04 3.454575e-04 7.951293e-03 7.789861e-03 7.059431e-04 3.721185e-04 3.525287e-04 3.446457e-03 4.384494e-03 1.476090e-03 
    30.5                2.472605e-03 0.000000e+00 3.764457e-04 3.529663e-04 7.695140e-03 7.702238e-03 3.750558e-04 3.818408e-04 3.591305e-04 4.082934e-03 5.247249e-03 2.115894e-03 
    31.5                2.278446e-03 0.000000e+00 3.879205e-04 3.517203e-04 7.086336e-03 7.039396e-03 5.052269e-04 3.926885e-04 3.579172e-04 3.787233e-03 4.780192e-03 1.999362e-03 
    32.5                2.352340e-03 0.000000e+00 3.719184e-04 3.449111e-04 6.745270e-03 6.591317e-03 4.804258e-04 3.764387e-04 3.515177e-04 4.054326e-03 4.943741e-03 2.120927e-03 
    33.5                2.270914e-03 0.000000e+00 3.806993e-04 3.568362e-04 6.308514e-03 6.116134e-03 5.340985e-04 3.851431e-04 3.623076e-04 3.682313e-03 4.645497e-03 2.049614e-03 
    34.5                2.422390e-03 0.000000e+00 3.273805e-04 3.301453e-04 5.858239e-03 5.573507e-03 4.599558e-04 3.304322e-04 3.355476e-04 3.637865e-03 4.709648e-03 2.204250e-03 
    35.5                2.002935e-03 0.000000e+00 3.159474e-04 3.244440e-04 5.377568e-03 5.253778e-03 5.492458e-04 3.194189e-04 3.287714e-04 3.099767e-03 3.982936e-03 1.774759e-03 
    36.5                2.130976e-03 0.000000e+00 3.150872e-04 3.080624e-04 4.883813e-03 4.721312e-03 4.239825e-04 3.184022e-04 3.126458e-04 3.201227e-03 4.139444e-03 1.896159e-03 
    37.5                1.878509e-03 0.000000e+00 3.305068e-04 3.110369e-04 4.366688e-03 4.245382e-03 5.056011e-04 3.345678e-04 3.156387e-04 2.838479e-03 3.657741e-03 1.650365e-03 
    38.5                1.504063e-03 0.000000e+00 3.465881e-04 3.240918e-04 3.585391e-03 3.566171e-03 5.118431e-04 3.509421e-04 3.288190e-04 2.150755e-03 2.883491e-03 1.280176e-03 
    39.5                1.611747e-03 0.000000e+00 3.534977e-04 3.315295e-04 3.128964e-03 3.133910e-03 4.844846e-04 3.567063e-04 3.364152e-04 2.239610e-03 3.017072e-03 1.380800e-03 
    40.5                1.523057e-03 0.000000e+00 3.537552e-04 3.486690e-04 3.072279e-03 2.964482e-03 5.636998e-04 3.552673e-04 3.543417e-04 2.145314e-03 2.857838e-03 1.305662e-03 
    41.5                1.320868e-03 0.000000e+00 4.070907e-04 3.788379e-04 2.968452e-03 2.841023e-03 9.346743e-04 4.078076e-04 3.827998e-04 1.561660e-03 2.278127e-03 1.173862e-03 
    42.5                1.199213e-03 0.000000e+00 4.584503e-04 4.384508e-04 2.482116e-03 2.288760e-03 9.501003e-04 4.581215e-04 4.410906e-04 1.368058e-03 1.947460e-03 1.121435e-03 
    43.5                1.447153e-03 0.000000e+00 4.573312e-04 4.499823e-04 2.049391e-03 2.002360e-03 7.290696e-04 4.583687e-04 4.518534e-04 1.504221e-03 2.317816e-03 1.261468e-03 
    44.5                2.255602e-03 0.000000e+00 4.257701e-04 4.293408e-04 1.984251e-03 2.237362e-03 7.794973e-04 4.267560e-04 4.321418e-04 1.734647e-03 3.147911e-03 2.001835e-03 
    45.5                1.716563e-03 0.000000e+00 4.019657e-04 3.860451e-04 1.552950e-03 1.518007e-03 6.754742e-04 4.036518e-04 3.884873e-04 1.328263e-03 2.417963e-03 1.482966e-03 
    46.5                1.331604e-03 0.000000e+00 4.582717e-04 4.268345e-04 1.240690e-03 1.296211e-03 8.539225e-04 4.618346e-04 4.301770e-04 1.043918e-03 1.852562e-03 1.216845e-03 
    47.5                1.791102e-03 0.000000e+00 4.612792e-04 4.103484e-04 1.141722e-03 1.142115e-03 9.614558e-04 4.637464e-04 4.130441e-04 1.321728e-03 2.436415e-03 1.590944e-03 
    48.5                1.841800e-03 0.000000e+00 4.266371e-04 4.168268e-04 1.177172e-03 1.295413e-03 1.044177e-03 4.296705e-04 4.190844e-04 1.303108e-03 2.426019e-03 1.694167e-03 
    49.5                1.432488e-03 0.000000e+00 4.153767e-04 4.217025e-04 1.085891e-03 1.140355e-03 1.021022e-03 4.166827e-04 4.214047e-04 1.057056e-03 1.896695e-03 1.329228e-03 
    50.5                1.146152e-03 0.000000e+00 4.786011e-04 4.840019e-04 7.794093e-04 6.288805e-04 1.303535e-03 4.777945e-04 4.867643e-04 6.313728e-04 1.273317e-03 1.253468e-03 
    51.5                2.227823e-03 0.000000e+00 6.041092e-04 6.130190e-04 6.311380e-04 5.812856e-04 2.150332e-03 6.023272e-04 6.168891e-04 9.054755e-04 2.207245e-03 2.453135e-03 
    52.5                2.837847e-03 0.000000e+00 7.145777e-04 7.383187e-04 8.724640e-04 7.300991e-04 2.690985e-03 7.158460e-04 7.414236e-04 1.113867e-03 2.788787e-03 3.096120e-03 
    53.5                2.489445e-03 0.000000e+00 7.588313e-04 7.551402e-04 9.374755e-04 9.204822e-04 2.622140e-03 7.603646e-04 7.562003e-04 9.465574e-04 2.433285e-03 2.700120e-03 
    54.5                1.215940e-03 0.000000e+00 6.546796e-04 6.782447e-04 1.260852e-03 1.195257e-03 1.399068e-03 6.561344e-04 6.775848e-04 5.667286e-04 1.367793e-03 1.178175e-03 
    55.5                9.990339e-04 0.000000e+00 6.446539e-04 6.419219e-04 1.249454e-03 1.278469e-03 1.482012e-03 6.456841e-04 6.410846e-04 5.764470e-04 1.125324e-03 9.983944e-04 
    56.5                1.211687e-03 0.000000e+00 6.383744e-04 6.391467e-04 1.125875e-03 1.092581e-03 1.273281e-03 6.397978e-04 6.401937e-04 5.251499e-04 1.323822e-03 1.119472e-03 
    57.5                1.265565e-03 0.000000e+00 5.778982e-04 5.843296e-04 1.336896e-03 1.149139e-03 1.132090e-03 5.783832e-04 5.833345e-04 4.885139e-04 1.392918e-03 1.181575e-03 
    58.5                8.658825e-04 0.000000e+00 4.982710e-04 5.144908e-04 1.143674e-03 1.021184e-03 1.154648e-03 4.983122e-04 5.150120e-04 5.114557e-04 9.633907e-04 8.482982e-04 
    59.5                9.441386e-04 0.000000e+00 4.715696e-04 4.725172e-04 1.231176e-03 1.082746e-03 1.385927e-03 4.719376e-04 4.740929e-04 6.498660e-04 1.031546e-03 9.893826e-04 
    60.5                7.755081e-04 0.000000e+00 4.770879e-04 4.848572e-04 1.204006e-03 1.072318e-03 1.238207e-03 4.783084e-04 4.851063e-04 6.400686e-04 8.606299e-04 8.095232e-04 
    61.5                8.670042e-04 0.000000e+00 4.311908e-04 4.335050e-04 1.198104e-03 1.069823e-03 1.040127e-03 4.319643e-04 4.351390e-04 6.317559e-04 9.111124e-04 8.693297e-04 
    62.5                1.119304e-03 0.000000e+00 3.992081e-04 4.130346e-04 1.159138e-03 1.049372e-03 6.799260e-04 3.992166e-04 4.146080e-04 4.539643e-04 1.105545e-03 1.087995e-03 
    63.5                1.188777e-03 0.000000e+00 3.416560e-04 3.354661e-04 1.034180e-03 9.261618e-04 8.127177e-04 3.413363e-04 3.360998e-04 4.288587e-04 1.190135e-03 1.190133e-03 
    64.5                1.464305e-03 0.000000e+00 2.693910e-04 2.632340e-04 9.386420e-04 8.858267e-04 6.313320e-04 2.689229e-04 2.644067e-04 2.593151e-04 1.443156e-03 1.463351e-03 
    65.5                1.167729e-03 0.000000e+00 2.333013e-04 2.199872e-04 7.822860e-04 7.176506e-04 5.710772e-04 2.337370e-04 2.205990e-04 2.442360e-04 1.149923e-03 1.173257e-03 
    66.5                9.981625e-04 0.000000e+00 1.769385e-04 1.823900e-04 6.027626e-04 5.875372e-04 3.868233e-04 1.769536e-04 1.822914e-04 1.680637e-04 9.781152e-04 1.009808e-03 
    67.5                1.112563e-03 0.000000e+00 1.459134e-04 1.456795e-04 4.718115e-04 4.312918e-04 4.954230e-04 1.452748e-04 1.459955e-04 1.574959e-04 1.099971e-03 1.126784e-03 
    68.5                1.043933e-03 0.000000e+00 1.114086e-04 1.142276e-04 3.518362e-04 3.141355e-04 4.787494e-04 1.107899e-04 1.148151e-04 1.726522e-04 1.043830e-03 1.058015e-03 
    69.5                1.035802e-03 0.000000e+00 8.546195e-05 8.194412e-05 2.102782e-04 1.854789e-04 5.400453e-04 8.479230e-05 8.227413e-05 1.614619e-04 1.038814e-03 1.046630e-03 
    70.5                7.728350e-04 0.000000e+00 4.484892e-05 4.154468e-05 9.271853e-05 6.846670e-05 4.283579e-04 4.393871e-05 4.229762e-05 1.067870e-04 7.760191e-04 7.781667e-04 
    71.5                2.925483e-04 0.000000e+00 1.052229e-05 9.677881e-06 1.646265e-05 9.070655e-06 1.694736e-04 1.009512e-05 1.009842e-05 2.868928e-05 2.932401e-04 2.934718e-04 
    72.5                1.588997e-06 0.000000e+00 1.651109e-08 1.984941e-08 2.181398e-08 1.619066e-08 9.736055e-07 1.573314e-08 2.060924e-08 5.570132e-08 1.589579e-06 1.589574e-06 
    73.5                0.000000e+00 0.000000e+00 0.000000e+00 0.000000e+00 0.000000e+00 0.000000e+00 0.000000e+00 0.000000e+00 0.000000e+00 0.000000e+00 0.000000e+00 0.000000e+00 
    74.5                0.000000e+00 0.000000e+00 0.000000e+00 0.000000e+00 0.000000e+00 0.000000e+00 0.000000e+00 0.000000e+00 0.000000e+00 0.000000e+00 0.000000e+00 0.000000e+00 
    75.5                0.000000e+00 0.000000e+00 0.000000e+00 0.000000e+00 0.000000e+00 0.000000e+00 0.000000e+00 0.000000e+00 0.000000e+00 0.000000e+00 0.000000e+00 0.000000e+00 
    76.5                0.000000e+00 0.000000e+00 0.000000e+00 0.000000e+00 0.000000e+00 0.000000e+00 0.000000e+00 0.000000e+00 0.000000e+00 0.000000e+00 0.000000e+00 0.000000e+00 
    77.5                0.000000e+00 0.000000e+00 0.000000e+00 0.000000e+00 0.000000e+00 0.000000e+00 0.000000e+00 0.000000e+00 0.000000e+00 0.000000e+00 0.000000e+00 0.000000e+00 
    78.5                0.000000e+00 0.000000e+00 0.000000e+00 0.000000e+00 0.000000e+00 0.000000e+00 0.000000e+00 0.000000e+00 0.000000e+00 0.000000e+00 0.000000e+00 0.000000e+00 
    79.5                0.000000e+00 0.000000e+00 0.000000e+00 0.000000e+00 0.000000e+00 0.000000e+00 0.000000e+00 0.000000e+00 0.000000e+00 0.000000e+00 0.000000e+00 0.000000e+00 


