# 80 rows of flux data
# 12 columns of flux data
# 
# total cross-sectional flux  2.324720e-01 /m^2/yr
#
#                             +x ram      -x wake      +y port -y starboard    +z zenith     -z nadir        Earth          Sun     anti-Sun      rot (x)      rot (y)      rot (z) 
# average speed (km/s)          0.60         0.70         1.63         1.63         0.29         0.29         1.63         1.63         1.63         0.70         0.56         0.92 
# total flux (#/m2/yr)  1.186872e-01 3.777130e-02 5.385781e-02 5.385598e-02 7.535776e-01 7.690797e-01 4.692222e-02 5.407445e-02 5.407221e-02 2.215945e-01 2.140978e-01 1.301927e-01 
# velocity (km/s)
     0.5                0.000000e+00 0.000000e+00 0.000000e+00 0.000000e+00 0.000000e+00 0.000000e+00 0.000000e+00 0.000000e+00 0.000000e+00 0.000000e+00 0.000000e+00 0.000000e+00 
     1.5                0.000000e+00 0.000000e+00 0.000000e+00 0.000000e+00 0.000000e+00 0.000000e+00 0.000000e+00 0.000000e+00 0.000000e+00 0.000000e+00 0.000000e+00 0.000000e+00 
     2.5                3.546539e-05 2.937837e-06 1.255614e-05 1.211994e-05 8.647006e-06 1.044451e-05 2.601993e-05 1.253177e-05 1.209563e-05 2.215586e-05 3.742037e-05 3.921158e-05 
     3.5                1.992869e-04 1.606135e-05 7.528616e-05 7.529049e-05 6.174864e-05 4.702529e-05 1.517419e-04 7.519774e-05 7.520038e-05 1.484190e-04 2.347459e-04 2.475750e-04 
     4.5                6.667823e-04 1.198855e-04 3.184992e-04 3.183720e-04 1.835939e-04 1.799582e-04 5.284185e-04 3.182683e-04 3.181173e-04 6.121294e-04 8.777949e-04 9.503167e-04 
     5.5                1.556691e-03 4.086071e-04 8.134512e-04 8.127629e-04 5.399550e-04 5.060461e-04 1.255757e-03 8.131078e-04 8.123892e-04 1.707452e-03 2.259169e-03 2.485653e-03 
     6.5                2.447600e-03 8.540501e-04 1.584032e-03 1.583869e-03 1.134057e-03 1.125784e-03 2.119849e-03 1.583642e-03 1.583477e-03 3.388244e-03 3.953264e-03 4.466390e-03 
     7.5                3.384644e-03 2.066632e-03 2.641888e-03 2.644238e-03 2.176663e-03 2.120288e-03 3.197386e-03 2.641465e-03 2.643859e-03 5.675031e-03 6.583453e-03 7.527959e-03 
     8.5                3.610654e-03 4.169624e-03 4.038696e-03 4.036004e-03 3.771202e-03 3.685939e-03 4.063631e-03 4.038273e-03 4.035587e-03 8.508126e-03 9.405280e-03 1.110341e-02 
     9.5                3.566568e-03 5.479617e-03 5.611846e-03 5.610620e-03 5.969930e-03 5.929361e-03 4.934629e-03 5.611742e-03 5.610434e-03 1.141008e-02 1.115673e-02 1.399174e-02 
    10.5                4.136031e-03 5.099281e-03 7.116715e-03 7.119391e-03 8.590269e-03 8.516922e-03 6.245028e-03 7.116576e-03 7.119314e-03 1.363335e-02 1.163584e-02 1.581672e-02 
    11.5                3.328192e-03 4.702555e-03 8.443056e-03 8.446186e-03 1.167504e-02 1.163505e-02 7.075982e-03 8.443238e-03 8.446418e-03 1.455720e-02 1.021704e-02 1.627255e-02 
    12.5                2.648535e-03 4.060285e-03 9.271193e-03 9.265363e-03 1.517425e-02 1.506378e-02 7.761588e-03 9.271378e-03 9.265449e-03 1.396828e-02 8.037274e-03 1.586950e-02 
    13.5                1.611579e-03 3.363169e-03 1.005213e-02 1.005702e-02 1.876489e-02 1.905120e-02 8.230667e-03 1.005242e-02 1.005740e-02 1.254397e-02 4.747130e-03 1.452664e-02 
    14.5                1.079111e-03 2.756418e-03 1.058169e-02 1.058077e-02 2.238923e-02 2.294892e-02 8.750882e-03 1.058141e-02 1.058045e-02 1.048356e-02 2.126679e-03 1.315651e-02 
    15.5                2.091577e-03 2.134259e-03 1.094272e-02 1.094261e-02 2.631051e-02 2.672058e-02 9.018074e-03 1.094226e-02 1.094217e-02 7.955081e-03 3.458153e-03 1.140412e-02 
    16.5                3.530023e-03 1.553093e-03 1.098283e-02 1.098639e-02 2.984578e-02 3.025547e-02 9.028015e-03 1.098257e-02 1.098612e-02 4.733605e-03 7.307863e-03 8.836044e-03 
    17.5                4.306236e-03 9.820587e-04 1.071381e-02 1.071092e-02 3.277026e-02 3.319699e-02 8.904707e-03 1.071320e-02 1.071027e-02 2.387346e-03 1.035199e-02 6.683134e-03 
    18.5                4.944291e-03 5.446786e-04 1.030014e-02 1.030294e-02 3.510239e-02 3.566458e-02 8.617188e-03 1.029927e-02 1.030203e-02 3.185733e-03 1.316699e-02 4.896235e-03 
    19.5                6.147142e-03 2.647631e-04 9.588265e-03 9.590973e-03 3.767571e-02 3.768670e-02 7.880084e-03 9.587963e-03 9.590674e-03 6.401809e-03 1.650547e-02 2.536796e-03 
    20.5                6.778145e-03 1.118154e-04 8.764098e-03 8.764598e-03 3.924122e-02 3.962560e-02 7.095962e-03 8.764148e-03 8.764622e-03 1.036388e-02 1.926481e-02 3.511984e-03 
    21.5                6.228444e-03 1.308440e-04 8.163379e-03 8.163184e-03 3.977238e-02 4.016803e-02 6.630955e-03 8.163887e-03 8.163705e-03 1.279036e-02 1.967750e-02 4.889003e-03 
    22.5                6.160935e-03 1.183316e-04 7.285095e-03 7.284862e-03 3.986328e-02 4.054166e-02 5.557521e-03 7.285910e-03 7.285645e-03 1.526764e-02 2.025450e-02 7.194371e-03 
    23.5                6.384066e-03 5.816848e-05 6.563193e-03 6.562282e-03 3.913097e-02 4.005959e-02 4.405918e-03 6.564849e-03 6.563868e-03 1.680796e-02 2.009185e-02 9.417830e-03 
    24.5                5.773618e-03 1.096661e-05 6.264683e-03 6.265690e-03 3.803513e-02 3.886112e-02 3.560661e-03 6.267078e-03 6.268049e-03 1.795433e-02 1.866409e-02 1.098608e-02 
    25.5                5.791185e-03 1.937670e-07 6.236404e-03 6.236723e-03 3.649574e-02 3.748788e-02 2.634831e-03 6.240062e-03 6.240332e-03 1.884508e-02 1.759132e-02 1.268550e-02 
    26.5                6.009393e-03 0.000000e+00 6.782753e-03 6.781854e-03 3.472055e-02 3.567294e-02 2.222942e-03 6.786773e-03 6.785780e-03 1.991702e-02 1.633630e-02 1.477738e-02 
    27.5                6.075015e-03 0.000000e+00 7.433210e-03 7.434353e-03 3.250558e-02 3.333664e-02 2.719206e-03 7.437852e-03 7.438931e-03 2.010899e-02 1.467474e-02 1.608712e-02 
    28.5                6.305176e-03 0.000000e+00 8.510517e-03 8.511096e-03 3.030269e-02 3.109133e-02 3.992655e-03 8.514937e-03 8.515454e-03 2.052610e-02 1.322860e-02 1.757618e-02 
    29.5                6.390201e-03 0.000000e+00 9.315989e-03 9.316284e-03 2.784482e-02 2.856316e-02 5.190062e-03 9.320247e-03 9.320500e-03 2.020905e-02 1.181572e-02 1.816336e-02 
    30.5                6.521367e-03 0.000000e+00 1.014825e-02 1.014819e-02 2.540582e-02 2.612808e-02 6.384886e-03 1.015225e-02 1.015218e-02 1.986563e-02 1.062267e-02 1.859508e-02 
    31.5                6.386817e-03 0.000000e+00 1.077454e-02 1.077493e-02 2.256166e-02 2.328659e-02 7.453559e-03 1.077868e-02 1.077904e-02 1.878488e-02 9.043608e-03 1.831945e-02 
    32.5                6.327070e-03 0.000000e+00 1.149607e-02 1.149623e-02 1.986165e-02 2.054085e-02 8.648074e-03 1.149981e-02 1.149996e-02 1.776916e-02 7.773941e-03 1.805163e-02 
    33.5                6.228274e-03 0.000000e+00 1.202171e-02 1.202084e-02 1.738075e-02 1.792544e-02 9.694569e-03 1.202514e-02 1.202428e-02 1.648588e-02 6.760916e-03 1.734934e-02 
    34.5                6.001612e-03 0.000000e+00 1.235007e-02 1.235290e-02 1.500332e-02 1.550143e-02 1.055240e-02 1.235296e-02 1.235579e-02 1.497704e-02 5.931692e-03 1.621686e-02 
    35.5                5.653302e-03 0.000000e+00 1.223467e-02 1.223428e-02 1.272645e-02 1.318960e-02 1.089447e-02 1.223705e-02 1.223671e-02 1.337902e-02 5.257974e-03 1.481761e-02 
    36.5                5.057617e-03 0.000000e+00 1.143985e-02 1.144127e-02 1.045517e-02 1.084254e-02 1.052729e-02 1.144180e-02 1.144327e-02 1.136331e-02 4.313423e-03 1.294674e-02 
    37.5                4.445248e-03 0.000000e+00 1.072662e-02 1.072422e-02 8.543534e-03 8.854434e-03 1.021318e-02 1.072823e-02 1.072587e-02 9.493461e-03 3.548319e-03 1.110066e-02 
    38.5                3.933264e-03 0.000000e+00 1.008586e-02 1.008824e-02 6.960064e-03 7.221256e-03 9.925922e-03 1.008692e-02 1.008937e-02 7.975461e-03 3.106542e-03 9.492841e-03 
    39.5                3.342668e-03 0.000000e+00 9.262899e-03 9.262176e-03 5.572081e-03 5.772828e-03 9.411151e-03 9.263583e-03 9.262922e-03 6.435717e-03 2.664842e-03 7.774340e-03 
    40.5                2.771407e-03 0.000000e+00 8.210089e-03 8.210423e-03 4.366307e-03 4.511243e-03 8.592842e-03 8.210448e-03 8.210840e-03 5.059632e-03 2.304774e-03 6.177613e-03 
    41.5                2.262317e-03 0.000000e+00 6.940034e-03 6.939475e-03 3.319077e-03 3.428949e-03 7.456609e-03 6.940118e-03 6.939617e-03 3.918231e-03 2.038857e-03 4.783292e-03 
    42.5                1.789262e-03 0.000000e+00 5.560041e-03 5.559740e-03 2.417781e-03 2.510569e-03 6.126466e-03 5.559821e-03 5.559593e-03 2.927944e-03 1.731925e-03 3.565093e-03 
    43.5                1.329236e-03 0.000000e+00 4.184014e-03 4.182453e-03 1.675338e-03 1.735557e-03 4.717758e-03 4.183768e-03 4.182263e-03 2.068667e-03 1.347915e-03 2.512425e-03 
    44.5                1.048610e-03 0.000000e+00 3.028912e-03 3.028623e-03 1.120056e-03 1.162679e-03 3.496235e-03 3.028653e-03 3.028408e-03 1.545206e-03 1.118482e-03 1.857288e-03 
    45.5                8.090221e-04 0.000000e+00 1.944309e-03 1.943586e-03 6.738763e-04 7.012338e-04 2.291090e-03 1.944064e-03 1.943375e-03 1.138542e-03 8.820304e-04 1.363484e-03 
    46.5                6.050669e-04 0.000000e+00 1.097896e-03 1.097442e-03 3.602283e-04 3.770272e-04 1.319163e-03 1.097709e-03 1.097283e-03 8.152873e-04 6.577993e-04 9.852961e-04 
    47.5                3.475001e-04 0.000000e+00 4.934612e-04 4.931825e-04 1.536583e-04 1.633499e-04 6.025061e-04 4.933377e-04 4.930753e-04 4.534907e-04 3.741871e-04 5.549875e-04 
    48.5                1.269505e-04 0.000000e+00 1.520397e-04 1.517490e-04 4.454595e-05 4.946610e-05 1.886961e-04 1.519763e-04 1.516923e-04 1.598842e-04 1.354406e-04 1.987518e-04 
    49.5                2.868469e-05 0.000000e+00 3.025547e-05 3.018836e-05 8.438128e-06 9.629967e-06 3.802183e-05 3.023913e-05 3.017452e-05 3.515333e-05 3.039347e-05 4.425745e-05 
    50.5                2.526038e-06 0.000000e+00 2.356834e-06 2.269245e-06 4.599931e-07 8.172809e-07 2.988016e-06 2.352698e-06 2.265472e-06 3.033472e-06 2.661342e-06 3.857858e-06 
    51.5                0.000000e+00 0.000000e+00 0.000000e+00 0.000000e+00 0.000000e+00 0.000000e+00 0.000000e+00 0.000000e+00 0.000000e+00 0.000000e+00 0.000000e+00 0.000000e+00 
    52.5                0.000000e+00 0.000000e+00 0.000000e+00 0.000000e+00 0.000000e+00 0.000000e+00 0.000000e+00 0.000000e+00 0.000000e+00 0.000000e+00 0.000000e+00 0.000000e+00 
    53.5                0.000000e+00 0.000000e+00 0.000000e+00 0.000000e+00 0.000000e+00 0.000000e+00 0.000000e+00 0.000000e+00 0.000000e+00 0.000000e+00 0.000000e+00 0.000000e+00 
    54.5                0.000000e+00 0.000000e+00 0.000000e+00 0.000000e+00 0.000000e+00 0.000000e+00 0.000000e+00 0.000000e+00 0.000000e+00 0.000000e+00 0.000000e+00 0.000000e+00 
    55.5                0.000000e+00 0.000000e+00 0.000000e+00 0.000000e+00 0.000000e+00 0.000000e+00 0.000000e+00 0.000000e+00 0.000000e+00 0.000000e+00 0.000000e+00 0.000000e+00 
    56.5                0.000000e+00 0.000000e+00 0.000000e+00 0.000000e+00 0.000000e+00 0.000000e+00 0.000000e+00 0.000000e+00 0.000000e+00 0.000000e+00 0.000000e+00 0.000000e+00 
    57.5                0.000000e+00 0.000000e+00 0.000000e+00 0.000000e+00 0.000000e+00 0.000000e+00 0.000000e+00 0.000000e+00 0.000000e+00 0.000000e+00 0.000000e+00 0.000000e+00 
    58.5                0.000000e+00 0.000000e+00 0.000000e+00 0.000000e+00 0.000000e+00 0.000000e+00 0.000000e+00 0.000000e+00 0.000000e+00 0.000000e+00 0.000000e+00 0.000000e+00 
    59.5                0.000000e+00 0.000000e+00 0.000000e+00 0.000000e+00 0.000000e+00 0.000000e+00 0.000000e+00 0.000000e+00 0.000000e+00 0.000000e+00 0.000000e+00 0.000000e+00 
    60.5                0.000000e+00 0.000000e+00 0.000000e+00 0.000000e+00 0.000000e+00 0.000000e+00 0.000000e+00 0.000000e+00 0.000000e+00 0.000000e+00 0.000000e+00 0.000000e+00 
    61.5                0.000000e+00 0.000000e+00 0.000000e+00 0.000000e+00 0.000000e+00 0.000000e+00 0.000000e+00 0.000000e+00 0.000000e+00 0.000000e+00 0.000000e+00 0.000000e+00 
    62.5                0.000000e+00 0.000000e+00 0.000000e+00 0.000000e+00 0.000000e+00 0.000000e+00 0.000000e+00 0.000000e+00 0.000000e+00 0.000000e+00 0.000000e+00 0.000000e+00 
    63.5                0.000000e+00 0.000000e+00 0.000000e+00 0.000000e+00 0.000000e+00 0.000000e+00 0.000000e+00 0.000000e+00 0.000000e+00 0.000000e+00 0.000000e+00 0.000000e+00 
    64.5                0.000000e+00 0.000000e+00 0.000000e+00 0.000000e+00 0.000000e+00 0.000000e+00 0.000000e+00 0.000000e+00 0.000000e+00 0.000000e+00 0.000000e+00 0.000000e+00 
    65.5                0.000000e+00 0.000000e+00 0.000000e+00 0.000000e+00 0.000000e+00 0.000000e+00 0.000000e+00 0.000000e+00 0.000000e+00 0.000000e+00 0.000000e+00 0.000000e+00 
    66.5                0.000000e+00 0.000000e+00 0.000000e+00 0.000000e+00 0.000000e+00 0.000000e+00 0.000000e+00 0.000000e+00 0.000000e+00 0.000000e+00 0.000000e+00 0.000000e+00 
    67.5                0.000000e+00 0.000000e+00 0.000000e+00 0.000000e+00 0.000000e+00 0.000000e+00 0.000000e+00 0.000000e+00 0.000000e+00 0.000000e+00 0.000000e+00 0.000000e+00 
    68.5                0.000000e+00 0.000000e+00 0.000000e+00 0.000000e+00 0.000000e+00 0.000000e+00 0.000000e+00 0.000000e+00 0.000000e+00 0.000000e+00 0.000000e+00 0.000000e+00 
    69.5                0.000000e+00 0.000000e+00 0.000000e+00 0.000000e+00 0.000000e+00 0.000000e+00 0.000000e+00 0.000000e+00 0.000000e+00 0.000000e+00 0.000000e+00 0.000000e+00 
    70.5                0.000000e+00 0.000000e+00 0.000000e+00 0.000000e+00 0.000000e+00 0.000000e+00 0.000000e+00 0.000000e+00 0.000000e+00 0.000000e+00 0.000000e+00 0.000000e+00 
    71.5                0.000000e+00 0.000000e+00 0.000000e+00 0.000000e+00 0.000000e+00 0.000000e+00 0.000000e+00 0.000000e+00 0.000000e+00 0.000000e+00 0.000000e+00 0.000000e+00 
    72.5                0.000000e+00 0.000000e+00 0.000000e+00 0.000000e+00 0.000000e+00 0.000000e+00 0.000000e+00 0.000000e+00 0.000000e+00 0.000000e+00 0.000000e+00 0.000000e+00 
    73.5                0.000000e+00 0.000000e+00 0.000000e+00 0.000000e+00 0.000000e+00 0.000000e+00 0.000000e+00 0.000000e+00 0.000000e+00 0.000000e+00 0.000000e+00 0.000000e+00 
    74.5                0.000000e+00 0.000000e+00 0.000000e+00 0.000000e+00 0.000000e+00 0.000000e+00 0.000000e+00 0.000000e+00 0.000000e+00 0.000000e+00 0.000000e+00 0.000000e+00 
    75.5                0.000000e+00 0.000000e+00 0.000000e+00 0.000000e+00 0.000000e+00 0.000000e+00 0.000000e+00 0.000000e+00 0.000000e+00 0.000000e+00 0.000000e+00 0.000000e+00 
    76.5                0.000000e+00 0.000000e+00 0.000000e+00 0.000000e+00 0.000000e+00 0.000000e+00 0.000000e+00 0.000000e+00 0.000000e+00 0.000000e+00 0.000000e+00 0.000000e+00 
    77.5                0.000000e+00 0.000000e+00 0.000000e+00 0.000000e+00 0.000000e+00 0.000000e+00 0.000000e+00 0.000000e+00 0.000000e+00 0.000000e+00 0.000000e+00 0.000000e+00 
    78.5                0.000000e+00 0.000000e+00 0.000000e+00 0.000000e+00 0.000000e+00 0.000000e+00 0.000000e+00 0.000000e+00 0.000000e+00 0.000000e+00 0.000000e+00 0.000000e+00 
    79.5                0.000000e+00 0.000000e+00 0.000000e+00 0.000000e+00 0.000000e+00 0.000000e+00 0.000000e+00 0.000000e+00 0.000000e+00 0.000000e+00 0.000000e+00 0.000000e+00 


