# 80 rows of flux data
# 12 columns of flux data
# 
# total cross-sectional flux  4.501755e+00 /m^2/yr
#
#                             +x ram      -x wake      +y port -y starboard    +z zenith     -z nadir        Earth          Sun     anti-Sun      rot (x)      rot (y)      rot (z) 
# average speed (km/s)         26.76        14.30        25.88        25.88        23.89        23.89        26.43        25.88        25.88        25.26        24.35        25.54 
# total flux (#/m2/yr)  1.193670e+00 1.586419e-01 1.754384e+00 1.754384e+00 9.169406e-01 9.174260e-01 1.574440e+00 1.754395e+00 1.754395e+00 4.178741e+00 2.475368e+00 3.907807e+00 
# velocity (km/s)
     0.5                0.000000e+00 0.000000e+00 0.000000e+00 0.000000e+00 0.000000e+00 0.000000e+00 0.000000e+00 0.000000e+00 0.000000e+00 0.000000e+00 0.000000e+00 0.000000e+00 
     1.5                0.000000e+00 0.000000e+00 0.000000e+00 0.000000e+00 0.000000e+00 0.000000e+00 0.000000e+00 0.000000e+00 0.000000e+00 0.000000e+00 0.000000e+00 0.000000e+00 
     2.5                4.253951e-05 4.006740e-06 9.669481e-06 9.391672e-06 6.887247e-06 9.442694e-06 2.725635e-05 9.657968e-06 9.378610e-06 2.731231e-05 5.072923e-05 5.266885e-05 
     3.5                3.185405e-04 2.702700e-05 8.600149e-05 8.567456e-05 7.369228e-05 7.571198e-05 2.071611e-04 8.601303e-05 8.568236e-05 2.541743e-04 3.902453e-04 4.097925e-04 
     4.5                1.003444e-03 1.812700e-04 3.669582e-04 3.672796e-04 2.770938e-04 2.736382e-04 6.818944e-04 3.669188e-04 3.672337e-04 1.013472e-03 1.366142e-03 1.491704e-03 
     5.5                2.383841e-03 6.375587e-04 1.045293e-03 1.045894e-03 7.950883e-04 7.699748e-04 1.666892e-03 1.045064e-03 1.045648e-03 2.866744e-03 3.579699e-03 3.957715e-03 
     6.5                4.367096e-03 1.559246e-03 2.235857e-03 2.239950e-03 1.770315e-03 1.669720e-03 3.148558e-03 2.235503e-03 2.239606e-03 6.194861e-03 7.250939e-03 8.046980e-03 
     7.5                7.077485e-03 3.606748e-03 4.217867e-03 4.216947e-03 3.315551e-03 3.278803e-03 5.247306e-03 4.217423e-03 4.216500e-03 1.174637e-02 1.335841e-02 1.481975e-02 
     8.5                9.689650e-03 7.442405e-03 7.100546e-03 7.097166e-03 5.699940e-03 5.638550e-03 7.503681e-03 7.100526e-03 7.097141e-03 1.997125e-02 2.193997e-02 2.431933e-02 
     9.5                1.263327e-02 1.069268e-02 1.092660e-02 1.092352e-02 8.820813e-03 8.767468e-03 1.025647e-02 1.092672e-02 1.092364e-02 3.083111e-02 3.118594e-02 3.480673e-02 
    10.5                1.588465e-02 1.196964e-02 1.520389e-02 1.520500e-02 1.224124e-02 1.203846e-02 1.364810e-02 1.520411e-02 1.520526e-02 4.268598e-02 3.950569e-02 4.472181e-02 
    11.5                1.914224e-02 1.293706e-02 1.997639e-02 1.997591e-02 1.595058e-02 1.585291e-02 1.744772e-02 1.997687e-02 1.997641e-02 5.597448e-02 4.834299e-02 5.546908e-02 
    12.5                2.187327e-02 1.352899e-02 2.497499e-02 2.497178e-02 1.991173e-02 1.964231e-02 2.130045e-02 2.497539e-02 2.497216e-02 6.970932e-02 5.688439e-02 6.610822e-02 
    13.5                2.501398e-02 1.391567e-02 3.048190e-02 3.048397e-02 2.373251e-02 2.383092e-02 2.576607e-02 3.048216e-02 3.048430e-02 8.443274e-02 6.605624e-02 7.803217e-02 
    14.5                2.747428e-02 1.390856e-02 3.633575e-02 3.633244e-02 2.747905e-02 2.776803e-02 3.025615e-02 3.633600e-02 3.633262e-02 9.941403e-02 7.427907e-02 8.986517e-02 
    15.5                3.000439e-02 1.354149e-02 4.236925e-02 4.237092e-02 3.129345e-02 3.140897e-02 3.513162e-02 4.236960e-02 4.237128e-02 1.145978e-01 8.235174e-02 1.022543e-01 
    16.5                3.124084e-02 1.268097e-02 4.826704e-02 4.826843e-02 3.460791e-02 3.470238e-02 3.950219e-02 4.826724e-02 4.826862e-02 1.287259e-01 8.850095e-02 1.132198e-01 
    17.5                3.304232e-02 1.146488e-02 5.404512e-02 5.404345e-02 3.736000e-02 3.740741e-02 4.441492e-02 5.404536e-02 5.404365e-02 1.418574e-01 9.428222e-02 1.244850e-01 
    18.5                3.286343e-02 9.897604e-03 5.948195e-02 5.948478e-02 3.955699e-02 3.968062e-02 4.835980e-02 5.948191e-02 5.948475e-02 1.537140e-01 9.751023e-02 1.336610e-01 
    19.5                3.316594e-02 8.017119e-03 6.449406e-02 6.449027e-02 4.168390e-02 4.146798e-02 5.228995e-02 6.449391e-02 6.449016e-02 1.645057e-01 1.003646e-01 1.424545e-01 
    20.5                3.312762e-02 5.971814e-03 6.924896e-02 6.925039e-02 4.303783e-02 4.304836e-02 5.606286e-02 6.924871e-02 6.925016e-02 1.741586e-01 1.021341e-01 1.504366e-01 
    21.5                3.346982e-02 3.895162e-03 7.327666e-02 7.327616e-02 4.360779e-02 4.360438e-02 5.966597e-02 7.327659e-02 7.327610e-02 1.812960e-01 1.026341e-01 1.572230e-01 
    22.5                3.448564e-02 2.021859e-03 7.683486e-02 7.683379e-02 4.380129e-02 4.395965e-02 6.320948e-02 7.683494e-02 7.683387e-02 1.873514e-01 1.029643e-01 1.635742e-01 
    23.5                3.579105e-02 6.619574e-04 7.939752e-02 7.939836e-02 4.328643e-02 4.357426e-02 6.596560e-02 7.939744e-02 7.939828e-02 1.908178e-01 1.019109e-01 1.679750e-01 
    24.5                3.802872e-02 7.740840e-05 8.143459e-02 8.143271e-02 4.256085e-02 4.275584e-02 6.851937e-02 8.143442e-02 8.143253e-02 1.930095e-01 1.007511e-01 1.715125e-01 
    25.5                4.090912e-02 7.831218e-07 8.234914e-02 8.234849e-02 4.132877e-02 4.158178e-02 7.034324e-02 8.234926e-02 8.234862e-02 1.928641e-01 9.922483e-02 1.732726e-01 
    26.5                4.348231e-02 0.000000e+00 8.237163e-02 8.237238e-02 3.985168e-02 4.007123e-02 7.139613e-02 8.237173e-02 8.237246e-02 1.907891e-01 9.709720e-02 1.732484e-01 
    27.5                4.584036e-02 0.000000e+00 8.144642e-02 8.144572e-02 3.795799e-02 3.807429e-02 7.175932e-02 8.144664e-02 8.144593e-02 1.866281e-01 9.442315e-02 1.715533e-01 
    28.5                4.788357e-02 0.000000e+00 7.986648e-02 7.986645e-02 3.597721e-02 3.603518e-02 7.151714e-02 7.986675e-02 7.986672e-02 1.812667e-01 9.162954e-02 1.686114e-01 
    29.5                4.915759e-02 0.000000e+00 7.710810e-02 7.710973e-02 3.361861e-02 3.365014e-02 7.018778e-02 7.710844e-02 7.711006e-02 1.735906e-01 8.799546e-02 1.633344e-01 
    30.5                5.013103e-02 0.000000e+00 7.398518e-02 7.398447e-02 3.125521e-02 3.128639e-02 6.847594e-02 7.398551e-02 7.398481e-02 1.653151e-01 8.439343e-02 1.574015e-01 
    31.5                5.006756e-02 0.000000e+00 6.962338e-02 6.962282e-02 2.846068e-02 2.848687e-02 6.555459e-02 6.962388e-02 6.962331e-02 1.544180e-01 7.959823e-02 1.488801e-01 
    32.5                4.928613e-02 0.000000e+00 6.455974e-02 6.456170e-02 2.562644e-02 2.562134e-02 6.185163e-02 6.456038e-02 6.456233e-02 1.422369e-01 7.440230e-02 1.389099e-01 
    33.5                4.781605e-02 0.000000e+00 5.911584e-02 5.911656e-02 2.285035e-02 2.278382e-02 5.761561e-02 5.911657e-02 5.911729e-02 1.294762e-01 6.893148e-02 1.280799e-01 
    34.5                4.580298e-02 0.000000e+00 5.338259e-02 5.338294e-02 2.008650e-02 2.003223e-02 5.296668e-02 5.338337e-02 5.338371e-02 1.162857e-01 6.328834e-02 1.166088e-01 
    35.5                4.284020e-02 0.000000e+00 4.728214e-02 4.728294e-02 1.735741e-02 1.730580e-02 4.772221e-02 4.728296e-02 4.728375e-02 1.025074e-01 5.709331e-02 1.041416e-01 
    36.5                3.891834e-02 0.000000e+00 4.076754e-02 4.076918e-02 1.457082e-02 1.451645e-02 4.186192e-02 4.076836e-02 4.077000e-02 8.796482e-02 5.017569e-02 9.058352e-02 
    37.5                3.479131e-02 0.000000e+00 3.461057e-02 3.460930e-02 1.206499e-02 1.200003e-02 3.615879e-02 3.461140e-02 3.461013e-02 7.435101e-02 4.354793e-02 7.764035e-02 
    38.5                3.039943e-02 0.000000e+00 2.871388e-02 2.871568e-02 9.822260e-03 9.756033e-03 3.051632e-02 2.871468e-02 2.871648e-02 6.148011e-02 3.710931e-02 6.509831e-02 
    39.5                2.573018e-02 0.000000e+00 2.312243e-02 2.312284e-02 7.765930e-03 7.692808e-03 2.499216e-02 2.312321e-02 2.312363e-02 4.934964e-02 3.071414e-02 5.300286e-02 
    40.5                2.095945e-02 0.000000e+00 1.793118e-02 1.793179e-02 5.917581e-03 5.859454e-03 1.971076e-02 1.793185e-02 1.793247e-02 3.815862e-02 2.453056e-02 4.159181e-02 
    41.5                1.636839e-02 0.000000e+00 1.334506e-02 1.334563e-02 4.341372e-03 4.286202e-03 1.491771e-02 1.334564e-02 1.334621e-02 2.832949e-02 1.883280e-02 3.134373e-02 
    42.5                1.206026e-02 0.000000e+00 9.384102e-03 9.384772e-03 3.000318e-03 2.968422e-03 1.066403e-02 9.384520e-03 9.385200e-03 1.987466e-02 1.366654e-02 2.232970e-02 
    43.5                8.312722e-03 0.000000e+00 6.186753e-03 6.185893e-03 1.948258e-03 1.921890e-03 7.143236e-03 6.187057e-03 6.186205e-03 1.307248e-02 9.294437e-03 1.491658e-02 
    44.5                5.344741e-03 0.000000e+00 3.801517e-03 3.802207e-03 1.180407e-03 1.167975e-03 4.458145e-03 3.801700e-03 3.802398e-03 8.019286e-03 5.906192e-03 9.299973e-03 
    45.5                3.065287e-03 0.000000e+00 2.089657e-03 2.089456e-03 6.359013e-04 6.364030e-04 2.487703e-03 2.089729e-03 2.089536e-03 4.397974e-03 3.351158e-03 5.185173e-03 
    46.5                1.546955e-03 0.000000e+00 1.010193e-03 1.010305e-03 3.020539e-04 3.072419e-04 1.221211e-03 1.010204e-03 1.010322e-03 2.122557e-03 1.675457e-03 2.545689e-03 
    47.5                6.226649e-04 0.000000e+00 3.922416e-04 3.922173e-04 1.138319e-04 1.193675e-04 4.807255e-04 3.922286e-04 3.922087e-04 8.220446e-04 6.687071e-04 1.001804e-03 
    48.5                1.759355e-04 0.000000e+00 1.068192e-04 1.067536e-04 2.982734e-05 3.270544e-05 1.328846e-04 1.068081e-04 1.067443e-04 2.233110e-04 1.875052e-04 2.767527e-04 
    49.5                3.147443e-05 0.000000e+00 1.859142e-05 1.857756e-05 5.001897e-06 5.733172e-06 2.339151e-05 1.858801e-05 1.857478e-05 3.878379e-05 3.334918e-05 4.871012e-05 
    50.5                1.814231e-06 0.000000e+00 1.060268e-06 1.038415e-06 2.233737e-07 3.762967e-07 1.344933e-06 1.059453e-06 1.037687e-06 2.185427e-06 1.913411e-06 2.774275e-06 
    51.5                0.000000e+00 0.000000e+00 0.000000e+00 0.000000e+00 0.000000e+00 0.000000e+00 0.000000e+00 0.000000e+00 0.000000e+00 0.000000e+00 0.000000e+00 0.000000e+00 
    52.5                0.000000e+00 0.000000e+00 0.000000e+00 0.000000e+00 0.000000e+00 0.000000e+00 0.000000e+00 0.000000e+00 0.000000e+00 0.000000e+00 0.000000e+00 0.000000e+00 
    53.5                0.000000e+00 0.000000e+00 0.000000e+00 0.000000e+00 0.000000e+00 0.000000e+00 0.000000e+00 0.000000e+00 0.000000e+00 0.000000e+00 0.000000e+00 0.000000e+00 
    54.5                0.000000e+00 0.000000e+00 0.000000e+00 0.000000e+00 0.000000e+00 0.000000e+00 0.000000e+00 0.000000e+00 0.000000e+00 0.000000e+00 0.000000e+00 0.000000e+00 
    55.5                0.000000e+00 0.000000e+00 0.000000e+00 0.000000e+00 0.000000e+00 0.000000e+00 0.000000e+00 0.000000e+00 0.000000e+00 0.000000e+00 0.000000e+00 0.000000e+00 
    56.5                0.000000e+00 0.000000e+00 0.000000e+00 0.000000e+00 0.000000e+00 0.000000e+00 0.000000e+00 0.000000e+00 0.000000e+00 0.000000e+00 0.000000e+00 0.000000e+00 
    57.5                0.000000e+00 0.000000e+00 0.000000e+00 0.000000e+00 0.000000e+00 0.000000e+00 0.000000e+00 0.000000e+00 0.000000e+00 0.000000e+00 0.000000e+00 0.000000e+00 
    58.5                0.000000e+00 0.000000e+00 0.000000e+00 0.000000e+00 0.000000e+00 0.000000e+00 0.000000e+00 0.000000e+00 0.000000e+00 0.000000e+00 0.000000e+00 0.000000e+00 
    59.5                0.000000e+00 0.000000e+00 0.000000e+00 0.000000e+00 0.000000e+00 0.000000e+00 0.000000e+00 0.000000e+00 0.000000e+00 0.000000e+00 0.000000e+00 0.000000e+00 
    60.5                0.000000e+00 0.000000e+00 0.000000e+00 0.000000e+00 0.000000e+00 0.000000e+00 0.000000e+00 0.000000e+00 0.000000e+00 0.000000e+00 0.000000e+00 0.000000e+00 
    61.5                0.000000e+00 0.000000e+00 0.000000e+00 0.000000e+00 0.000000e+00 0.000000e+00 0.000000e+00 0.000000e+00 0.000000e+00 0.000000e+00 0.000000e+00 0.000000e+00 
    62.5                0.000000e+00 0.000000e+00 0.000000e+00 0.000000e+00 0.000000e+00 0.000000e+00 0.000000e+00 0.000000e+00 0.000000e+00 0.000000e+00 0.000000e+00 0.000000e+00 
    63.5                0.000000e+00 0.000000e+00 0.000000e+00 0.000000e+00 0.000000e+00 0.000000e+00 0.000000e+00 0.000000e+00 0.000000e+00 0.000000e+00 0.000000e+00 0.000000e+00 
    64.5                0.000000e+00 0.000000e+00 0.000000e+00 0.000000e+00 0.000000e+00 0.000000e+00 0.000000e+00 0.000000e+00 0.000000e+00 0.000000e+00 0.000000e+00 0.000000e+00 
    65.5                0.000000e+00 0.000000e+00 0.000000e+00 0.000000e+00 0.000000e+00 0.000000e+00 0.000000e+00 0.000000e+00 0.000000e+00 0.000000e+00 0.000000e+00 0.000000e+00 
    66.5                0.000000e+00 0.000000e+00 0.000000e+00 0.000000e+00 0.000000e+00 0.000000e+00 0.000000e+00 0.000000e+00 0.000000e+00 0.000000e+00 0.000000e+00 0.000000e+00 
    67.5                0.000000e+00 0.000000e+00 0.000000e+00 0.000000e+00 0.000000e+00 0.000000e+00 0.000000e+00 0.000000e+00 0.000000e+00 0.000000e+00 0.000000e+00 0.000000e+00 
    68.5                0.000000e+00 0.000000e+00 0.000000e+00 0.000000e+00 0.000000e+00 0.000000e+00 0.000000e+00 0.000000e+00 0.000000e+00 0.000000e+00 0.000000e+00 0.000000e+00 
    69.5                0.000000e+00 0.000000e+00 0.000000e+00 0.000000e+00 0.000000e+00 0.000000e+00 0.000000e+00 0.000000e+00 0.000000e+00 0.000000e+00 0.000000e+00 0.000000e+00 
    70.5                0.000000e+00 0.000000e+00 0.000000e+00 0.000000e+00 0.000000e+00 0.000000e+00 0.000000e+00 0.000000e+00 0.000000e+00 0.000000e+00 0.000000e+00 0.000000e+00 
    71.5                0.000000e+00 0.000000e+00 0.000000e+00 0.000000e+00 0.000000e+00 0.000000e+00 0.000000e+00 0.000000e+00 0.000000e+00 0.000000e+00 0.000000e+00 0.000000e+00 
    72.5                0.000000e+00 0.000000e+00 0.000000e+00 0.000000e+00 0.000000e+00 0.000000e+00 0.000000e+00 0.000000e+00 0.000000e+00 0.000000e+00 0.000000e+00 0.000000e+00 
    73.5                0.000000e+00 0.000000e+00 0.000000e+00 0.000000e+00 0.000000e+00 0.000000e+00 0.000000e+00 0.000000e+00 0.000000e+00 0.000000e+00 0.000000e+00 0.000000e+00 
    74.5                0.000000e+00 0.000000e+00 0.000000e+00 0.000000e+00 0.000000e+00 0.000000e+00 0.000000e+00 0.000000e+00 0.000000e+00 0.000000e+00 0.000000e+00 0.000000e+00 
    75.5                0.000000e+00 0.000000e+00 0.000000e+00 0.000000e+00 0.000000e+00 0.000000e+00 0.000000e+00 0.000000e+00 0.000000e+00 0.000000e+00 0.000000e+00 0.000000e+00 
    76.5                0.000000e+00 0.000000e+00 0.000000e+00 0.000000e+00 0.000000e+00 0.000000e+00 0.000000e+00 0.000000e+00 0.000000e+00 0.000000e+00 0.000000e+00 0.000000e+00 
    77.5                0.000000e+00 0.000000e+00 0.000000e+00 0.000000e+00 0.000000e+00 0.000000e+00 0.000000e+00 0.000000e+00 0.000000e+00 0.000000e+00 0.000000e+00 0.000000e+00 
    78.5                0.000000e+00 0.000000e+00 0.000000e+00 0.000000e+00 0.000000e+00 0.000000e+00 0.000000e+00 0.000000e+00 0.000000e+00 0.000000e+00 0.000000e+00 0.000000e+00 
    79.5                0.000000e+00 0.000000e+00 0.000000e+00 0.000000e+00 0.000000e+00 0.000000e+00 0.000000e+00 0.000000e+00 0.000000e+00 0.000000e+00 0.000000e+00 0.000000e+00 


