




Julian Date (days)   sc_1_X (km)   sc_1_Y (km)   sc_1_Z (km)   sc_1_V_X (km/s)   sc_1_V_Y (km/s)   sc_1_V_Z (km/s)
2463964.00000   148872313.42073   0.00000   -1241734.97879   -0.00000   29.92851   0.00000
2463964.36537   148869336.12851   943819.16576   -1241710.14537   -0.18882   29.92791   0.00157
2463964.73073   148860404.37266   1887600.58072   -1241635.64614   -0.37763   29.92611   0.00315
2463965.09610   148845518.51559   2831306.49566   -1241511.48410   -0.56642   29.92312   0.00472
2463965.46146   148824679.16130   3774899.16450   -1241337.66431   -0.75520   29.91893   0.00630
2463965.82683   148797887.15536   4718340.84590   -1241114.19380   -0.94394   29.91355   0.00787
2463966.19219   148765143.58486   5661593.80481   -1240841.08166   -1.13264   29.90696   0.00945
2463966.55756   148726449.77837   6604620.31407   -1240518.33895   -1.32130   29.89919   0.01102
2463966.92292   148681807.30588   7547382.65594   -1240145.97879   -1.50990   29.89021   0.01259
2463967.28829   148631217.97875   8489843.12374   -1239724.01626   -1.69844   29.88004   0.01417
2463967.65365   148574683.84957   9431964.02336   -1239252.46850   -1.88692   29.86868   0.01574
2463968.01902   148512207.21215   10373707.67487   -1238731.35464   -2.07531   29.85612   0.01731
2463968.38438   148443790.60135   11315036.41408   -1238160.69582   -2.26363   29.84236   0.01888
2463968.74975   148369436.79303   12255912.59412   -1237540.51520   -2.45185   29.82741   0.02045
2463969.11512   148289148.80388   13196298.58698   -1236870.83792   -2.63997   29.81127   0.02202
2463969.48048   148202929.89128   14136156.78513   -1236151.69118   -2.82798   29.79394   0.02359
2463969.84585   148110783.55323   15075449.60304   -1235383.10414   -3.01588   29.77542   0.02516
2463970.21121   148012713.52811   16014139.47878   -1234565.10798   -3.20366   29.75570   0.02672
2463970.57658   147908723.79455   16952188.87557   -1233697.73589   -3.39131   29.73480   0.02829
2463970.94194   147798818.57128   17889560.28336   -1232781.02306   -3.57881   29.71271   0.02985
2463971.30731   147683002.31691   18826216.22035   -1231815.00667   -3.76618   29.68943   0.03141
2463971.67267   147561279.72973   19762119.23463   -1230799.72592   -3.95339   29.66496   0.03297
2463972.03804   147433655.74755   20697231.90566   -1229735.22199   -4.14044   29.63930   0.03454
2463972.40340   147300135.54742   21631516.84589   -1228621.53806   -4.32733   29.61246   0.03609
2463972.76877   147160724.54545   22564936.70228   -1227458.71931   -4.51403   29.58444   0.03765
2463973.13413   147015428.39654   23497454.15787   -1226246.81290   -4.70056   29.55523   0.03921
2463973.49950   146864252.99418   24429031.93334   -1224985.86800   -4.88689   29.52485   0.04076
2463973.86486   146707204.47012   25359632.78856   -1223675.93574   -5.07303   29.49328   0.04231
2463974.23023   146544289.19415   26289219.52413   -1222317.06926   -5.25896   29.46053   0.04386
2463974.59560   146375513.77382   27217754.98292   -1220909.32367   -5.44467   29.42661   0.04541
2463974.96096   146200885.05412   28145202.05167   -1219452.75606   -5.63017   29.39151   0.04696
2463975.32633   146020410.11721   29071523.66247   -1217947.42550   -5.81544   29.35523   0.04851
2463975.69169   145834096.28208   29996682.79434   -1216393.39305   -6.00047   29.31778   0.05005
2463976.05706   145641951.10426   30920642.47474   -1214790.72172   -6.18526   29.27916   0.05159
2463976.42242   145443982.37547   31843365.78115   -1213139.47651   -6.36979   29.23937   0.05313
2463976.78779   145240198.12326   32764815.84258   -1211439.72436   -6.55407   29.19841   0.05467
2463977.15315   145030606.61070   33684955.84110   -1209691.53421   -6.73809   29.15629   0.05620
2463977.51852   144815216.33598   34603749.01336   -1207894.97693   -6.92183   29.11300   0.05773
2463977.88388   144594036.03206   35521158.65217   -1206050.12537   -7.10529   29.06855   0.05926
2463978.24925   144367074.66627   36437148.10795   -1204157.05432   -7.28846   29.02293   0.06079
2463978.61461   144134341.43993   37351680.79031   -1202215.84053   -7.47134   28.97616   0.06232
2463978.97998   143895845.78794   38264720.16955   -1200226.56269   -7.65391   28.92823   0.06384
2463979.34535   143651597.37835   39176229.77817   -1198189.30145   -7.83617   28.87914   0.06536
2463979.71071   143401606.11198   40086173.21238   -1196104.13939   -8.01812   28.82890   0.06688
2463980.07608   143145882.12193   40994514.13365   -1193971.16103   -8.19974   28.77751   0.06839
2463980.44144   142884435.77319   41901216.27014   -1191790.45282   -8.38103   28.72497   0.06991
2463980.80681   142617277.66213   42806243.41830   -1189562.10314   -8.56197   28.67128   0.07141
2463981.17217   142344418.61609   43709559.44428   -1187286.20231   -8.74258   28.61645   0.07292
2463981.53754   142065869.69286   44611128.28549   -1184962.84256   -8.92282   28.56048   0.07442
2463981.90290   141781642.18023   45510913.95208   -1182592.11804   -9.10271   28.50336   0.07593
2463982.26827   141491747.59547   46408880.52839   -1180174.12481   -9.28222   28.44511   0.07742
2463982.63363   141196197.68484   47304992.17450   -1177708.96084   -9.46136   28.38573   0.07892
2463982.99900   140895004.42308   48199213.12767   -1175196.72603   -9.64012   28.32521   0.08041
2463983.36436   140588180.01285   49091507.70382   -1172637.52215   -9.81849   28.26356   0.08190
2463983.72973   140275736.88426   49981840.29906   -1170031.45287   -9.99646   28.20078   0.08338
2463984.09510   139957687.69426   50870175.39106   -1167378.62378   -10.17402   28.13688   0.08486
2463984.46046   139634045.32613   51756477.54062   -1164679.14233   -10.35117   28.07185   0.08634
2463984.82583   139304822.88890   52640711.39307   -1161933.11785   -10.52791   28.00571   0.08781
2463985.19119   138970033.71676   53522841.67977   -1159140.66158   -10.70421   27.93844   0.08928
2463985.55656   138629691.36852   54402833.21953   -1156301.88660   -10.88009   27.87007   0.09075
2463985.92192   138283809.62699   55280650.92008   -1153416.90787   -11.05552   27.80058   0.09221
2463986.28729   137932402.49836   56156259.77952   -1150485.84223   -11.23050   27.72998   0.09367
2463986.65265   137575484.21163   57029624.88776   -1147508.80835   -11.40503   27.65828   0.09513
2463987.01802   137213069.21795   57900711.42794   -1144485.92676   -11.57910   27.58548   0.09658
2463987.38338   136845172.19001   58769484.67791   -1141417.31986   -11.75270   27.51158   0.09803
2463987.74875   136471808.02139   59635910.01161   -1138303.11187   -11.92582   27.43658   0.09947
2463988.11411   136092991.82594   60499952.90052   -1135143.42886   -12.09846   27.36048   0.10091
2463988.47948   135708738.93706   61361578.91508   -1131938.39871   -12.27061   27.28330   0.10235
2463988.84484   135319064.90708   62220753.72609   -1128688.15115   -12.44227   27.20503   0.10378
2463989.21021   134923985.50658   63077443.10615   -1125392.81772   -12.61342   27.12567   0.10521
2463989.57558   134523516.72367   63931612.93103   -1122052.53178   -12.78406   27.04524   0.10663
2463989.94094   134117674.76333   64783229.18110   -1118667.42849   -12.95418   26.96373   0.10805
2463990.30631   133706476.04667   65632257.94271   -1115237.64482   -13.12378   26.88114   0.10946
2463990.67167   133289937.21024   66478665.40960   -1111763.31953   -13.29285   26.79749   0.11087
2463991.03704   132868075.10530   67322417.88426   -1108244.59318   -13.46138   26.71277   0.11228
2463991.40240   132440906.79708   68163481.77932   -1104681.60811   -13.62937   26.62698   0.11368
2463991.76777   132008449.56404   69001823.61893   -1101074.50843   -13.79680   26.54013   0.11508
2463992.13313   131570720.89713   69837410.04014   -1097423.44005   -13.96368   26.45223   0.11647
2463992.49850   131127738.49899   70670207.79425   -1093728.55061   -14.12999   26.36328   0.11786
2463992.86386   130679520.28324   71500183.74815   -1089989.98953   -14.29573   26.27328   0.11924
2463993.22923   130226084.37365   72327304.88574   -1086207.90798   -14.46089   26.18223   0.12062
2463993.59459   129767449.10338   73151538.30919   -1082382.45888   -14.62547   26.09014   0.12199
2463993.95996   129303633.01417   73972851.24037   -1078513.79688   -14.78946   25.99701   0.12336
2463994.32533   128834654.85553   74791211.02211   -1074602.07837   -14.95284   25.90285   0.12472
2463994.69069   128360533.58397   75606585.11958   -1070647.46147   -15.11563   25.80766   0.12608
2463995.05606   127881288.36212   76418941.12162   -1066650.10601   -15.27780   25.71145   0.12743
2463995.42142   127396938.55791   77228246.74201   -1062610.17353   -15.43936   25.61421   0.12878
2463995.78679   126907503.74376   78034469.82084   -1058527.82729   -15.60029   25.51595   0.13012
2463996.15215   126413003.69572   78837578.32578   -1054403.23225   -15.76059   25.41668   0.13146
2463996.51752   125913458.39259   79637540.35341   -1050236.55503   -15.92026   25.31641   0.13279
2463996.88288   125408888.01508   80434324.13050   -1046027.96397   -16.07928   25.21512   0.13412
2463997.24825   124899312.94492   81227898.01527   -1041777.62907   -16.23765   25.11284   0.13544
2463997.61361   124384753.76400   82018230.49876   -1037485.72201   -16.39537   25.00955   0.13675
2463997.97898   123865231.25344   82805290.20600   -1033152.41611   -16.55242   24.90528   0.13806
2463998.34434   123340766.39275   83589045.89737   -1028777.88637   -16.70881   24.80002   0.13937
2463998.70971   122811380.35885   84369466.46981   -1024362.30942   -16.86452   24.69377   0.14067
2463999.07508   122277094.52521   85146520.95809   -1019905.86354   -17.01955   24.58654   0.14196
2463999.44044   121737930.46092   85920178.53609   -1015408.72863   -17.17389   24.47834   0.14325
2463999.80581   121193909.92973   86690408.51800   -1010871.08622   -17.32755   24.36917   0.14453
2464000.17117   120645054.88914   87457180.35960   -1006293.11946   -17.48050   24.25903   0.14580
2464000.53654   120091387.48943   88220463.65945   -1001675.01311   -17.63274   24.14792   0.14707
2464000.90190   119532930.07272   88980228.16018   -997016.95351   -17.78428   24.03587   0.14834
2464001.26727   118969705.17199   89736443.74962   -992319.12861   -17.93509   23.92285   0.14960
2464001.63263   118401735.51015   90489080.46209   -987581.72795   -18.08519   23.80890   0.15085
2464001.99800   117829043.99899   91238108.47956   -982804.94263   -18.23455   23.69399   0.15209
2464002.36336   117251653.73828   91983498.13288   -977988.96532   -18.38318   23.57815   0.15333
2464002.72873   116669588.01468   92725219.90293   -973133.99026   -18.53106   23.46138   0.15457
2464003.09409   116082870.30082   93463244.42184   -968240.21323   -18.67820   23.34368   0.15579
2464003.45946   115491524.25426   94197542.47416   -963307.83156   -18.82459   23.22505   0.15701
2464003.82482   114895573.71644   94928084.99802   -958337.04410   -18.97022   23.10550   0.15823
2464004.19019   114295042.71172   95654843.08630   -953328.05124   -19.11508   22.98504   0.15944
2464004.55556   113689955.44629   96377787.98778   -948281.05489   -19.25917   22.86367   0.16064
2464004.92092   113080336.30717   97096891.10828   -943196.25845   -19.40249   22.74140   0.16183
2464005.28629   112466209.86113   97812124.01185   -938073.86684   -19.54502   22.61823   0.16302
2464005.65165   111847600.85368   98523458.42183   -932914.08646   -19.68677   22.49416   0.16421
2464006.01702   111224534.20795   99230866.22204   -927717.12518   -19.82772   22.36920   0.16538
2464006.38238   110597035.02367   99934319.45785   -922483.19237   -19.96788   22.24336   0.16655
2464006.74775   109965128.57609   100633790.33733   -917212.49883   -20.10723   22.11664   0.16771
2464007.11311   109328840.31486   101329251.23234   -911905.25686   -20.24577   21.98905   0.16887
2464007.47848   108688195.86300   102020674.67961   -906561.68016   -20.38350   21.86059   0.17002
2464007.84384   108043221.01573   102708033.38188   -901181.98390   -20.52040   21.73127   0.17116
2464008.20921   107393941.73943   103391300.20890   -895766.38465   -20.65648   21.60109   0.17229
2464008.57457   106740384.17053   104070448.19857   -890315.10043   -20.79173   21.47005   0.17342
2464008.93994   106082574.61431   104745450.55801   -884828.35063   -20.92614   21.33817   0.17454
2464009.30531   105420539.54390   105416280.66454   -879306.35607   -21.05971   21.20545   0.17566
2464009.67067   104754305.59906   106082912.06684   -873749.33896   -21.19243   21.07189   0.17676
2464010.03604   104083899.58505   106745318.48590   -868157.52287   -21.32430   20.93751   0.17786
2464010.40140   103409348.47154   107403473.81611   -862531.13276   -21.45531   20.80229   0.17896
2464010.76677   102730679.39142   108057352.12626   -856870.39493   -21.58546   20.66626   0.18004
2464011.13213   102047919.63965   108706927.66056   -851175.53706   -21.71474   20.52941   0.18112
2464011.49750   101361096.67209   109352174.83967   -845446.78815   -21.84314   20.39176   0.18219
2464011.86286   100670238.10436   109993068.26168   -839684.37854   -21.97067   20.25330   0.18326
2464012.22823   99975371.71063   110629582.70313   -833888.53990   -22.09732   20.11405   0.18431
2464012.59359   99276525.42246   111261693.11997   -828059.50520   -22.22307   19.97400   0.18536
2464012.95896   98573727.32763   111889374.64855   -822197.50872   -22.34794   19.83317   0.18640
2464013.32432   97867005.66889   112512602.60660   -816302.78603   -22.47190   19.69156   0.18744
2464013.68969   97156388.84282   113131352.49415   -810375.57399   -22.59497   19.54917   0.18846
2464014.05506   96441905.39860   113745599.99456   -804416.11071   -22.71712   19.40602   0.18948
2464014.42042   95723584.03680   114355320.97539   -798424.63560   -22.83837   19.26210   0.19049
2464014.78579   95001453.60818   114960491.48938   -792401.38929   -22.95869   19.11743   0.19150
2464015.15115   94275543.11242   115561087.77536   -786346.61367   -23.07810   18.97201   0.19249
2464015.51652   93545881.69695   116157086.25918   -780260.55185   -23.19657   18.82584   0.19348
2464015.88188   92812498.65569   116748463.55461   -774143.44818   -23.31412   18.67894   0.19446
2464016.24725   92075423.42781   117335196.46426   -767995.54820   -23.43073   18.53130   0.19543
2464016.61261   91334685.59649   117917261.98048   -761817.09867   -23.54640   18.38293   0.19640
2464016.97798   90590314.88768   118494637.28619   -755608.34752   -23.66112   18.23385   0.19736
2464017.34334   89842341.16880   119067299.75585   -749369.54389   -23.77490   18.08405   0.19831
2464017.70871   89090794.44755   119635226.95624   -743100.93806   -23.88772   17.93354   0.19925
2464018.07407   88335704.87059   120198396.64738   -736802.78148   -23.99959   17.78233   0.20018
2464018.43944   87577102.72230   120756786.78335   -730475.32676   -24.11049   17.63042   0.20110
2464018.80480   86815018.42347   121310375.51316   -724118.82763   -24.22042   17.47783   0.20202
2464019.17017   86049482.53006   121859141.18156   -717733.53896   -24.32938   17.32455   0.20293
2464019.53554   85280525.73190   122403062.32986   -711319.71673   -24.43737   17.17059   0.20383
2464019.90090   84508178.85136   122942117.69679   -704877.61802   -24.54438   17.01596   0.20472
2464020.26627   83732472.84213   123476286.21925   -698407.50103   -24.65041   16.86067   0.20561
2464020.63163   82953438.78784   124005547.03315   -691909.62501   -24.75544   16.70472   0.20648
2464020.99700   82171107.90082   124529879.47420   -685384.25031   -24.85949   16.54812   0.20735
2464021.36236   81385511.52076   125049263.07867   -678831.63833   -24.96254   16.39087   0.20821
2464021.72773   80596681.11338   125563677.58417   -672252.05153   -25.06459   16.23298   0.20906
2464022.09309   79804648.26915   126073102.93042   -665645.75339   -25.16564   16.07446   0.20991
2464022.45846   79009444.70194   126577519.25999   -659013.00844   -25.26568   15.91531   0.21074
2464022.82382   78211102.24770   127076906.91909   -652354.08223   -25.36470   15.75554   0.21157
2464023.18919   77409652.86311   127571246.45824   -645669.24129   -25.46271   15.59516   0.21238
2464023.55455   76605128.62429   128060518.63304   -638958.75319   -25.55971   15.43417   0.21319
2464023.91992   75797561.72541   128544704.40488   -632222.88644   -25.65568   15.27259   0.21399
2464024.28529   74986984.47737   129023784.94167   -625461.91055   -25.75062   15.11040   0.21478
2464024.65065   74173429.30646   129497741.61848   -618676.09598   -25.84454   14.94763   0.21557
2464025.01602   73356928.75296   129966556.01831   -611865.71415   -25.93742   14.78428   0.21634
2464025.38138   72537515.46986   130430209.93270   -605031.03743   -26.02926   14.62036   0.21711
2464025.74675   71715222.22144   130888685.36248   -598172.33909   -26.12006   14.45587   0.21787
2464026.11211   70890081.88190   131341964.51835   -591289.89333   -26.20982   14.29081   0.21861
2464026.47748   70062127.43406   131790029.82159   -584383.97526   -26.29853   14.12521   0.21935
2464026.84284   69231391.96790   132232863.90470   -577454.86089   -26.38619   13.95905   0.22009
2464027.20821   68397908.67926   132670449.61201   -570502.82710   -26.47280   13.79236   0.22081
2464027.57357   67561710.86841   133102770.00035   -563528.15164   -26.55834   13.62513   0.22152
2464027.93894   66722831.93870   133529808.33963   -556531.11313   -26.64283   13.45738   0.22223
2464028.30430   65881305.39516   133951548.11344   -549511.99103   -26.72625   13.28910   0.22292
2464028.66967   65037164.84309   134367973.01970   -542471.06565   -26.80861   13.12031   0.22361
2464029.03504   64190443.98673   134779066.97122   -535408.61810   -26.88990   12.95101   0.22429
2464029.40040   63341176.62778   135184814.09627   -528324.93033   -26.97011   12.78122   0.22496
2464029.76577   62489396.66409   135585198.73916   -521220.28508   -27.04924   12.61093   0.22562
2464030.13113   61635138.08818   135980205.46081   -514094.96587   -27.12730   12.44015   0.22627
2464030.49650   60778434.98589   136369819.03930   -506949.25701   -27.20427   12.26890   0.22691
2464030.86186   59919321.53493   136754024.47042   -499783.44358   -27.28016   12.09717   0.22754
2464031.22723   59057832.00352   137132806.96818   -492597.81141   -27.35496   11.92498   0.22817
2464031.59259   58194000.74892   137506151.96535   -485392.64706   -27.42867   11.75233   0.22878
2464031.95796   57327862.21605   137874045.11398   -478168.23785   -27.50129   11.57923   0.22939
2464032.32332   56459450.93608   138236472.28590   -470924.87179   -27.57281   11.40568   0.22998
2464032.68869   55588801.52496   138593419.57323   -463662.83761   -27.64323   11.23170   0.23057
2464033.05405   54715948.68205   138944873.28882   -456382.42474   -27.71255   11.05728   0.23115
2464033.41942   53840927.18867   139290819.96681   -449083.92329   -27.78076   10.88244   0.23172
2464033.78478   52963771.90664   139631246.36300   -441767.62404   -27.84787   10.70719   0.23228
2464034.15015   52084517.77693   139966139.45539   -434433.81842   -27.91387   10.53152   0.23283
2464034.51552   51203199.81813   140295486.44459   -427082.79853   -27.97876   10.35546   0.23337
2464034.88088   50319853.12509   140619274.75426   -419714.85710   -28.04253   10.17900   0.23390
2464035.24625   49434512.86743   140937492.03156   -412330.28745   -28.10519   10.00215   0.23442
2464035.61161   48547214.28815   141250126.14755   -404929.38357   -28.16673   9.82492   0.23494
2464035.97698   47657992.70212   141557165.19760   -397512.44000   -28.22715   9.64731   0.23544
2464036.34234   46766883.49471   141858597.50182   -390079.75190   -28.28644   9.46934   0.23594
2464036.70771   45873922.12029   142154411.60542   -382631.61499   -28.34461   9.29101   0.23642
2464037.07307   44979144.10082   142444596.27912   -375168.32554   -28.40165   9.11232   0.23690
2464037.43844   44082585.02436   142729140.51948   -367690.18041   -28.45756   8.93330   0.23736
2464037.80380   43184280.54364   143008033.54932   -360197.47697   -28.51234   8.75393   0.23782
2464038.16917   42284266.37463   143281264.81804   -352690.51312   -28.56599   8.57423   0.23827
2464038.53453   41382578.29504   143548824.00197   -345169.58728   -28.61850   8.39421   0.23871
2464038.89990   40479252.14289   143810701.00471   -337634.99838   -28.66988   8.21387   0.23913
2464039.26527   39574323.81506   144066885.95744   -330087.04583   -28.72011   8.03322   0.23955
2464039.63063   38667829.26580   144317369.21927   -322526.02952   -28.76921   7.85227   0.23996
2464039.99600   37759804.50531   144562141.37752   -314952.24981   -28.81716   7.67103   0.24036
2464040.36136   36850285.59824   144801193.24799   -307366.00752   -28.86396   7.48950   0.24075
2464040.72673   35939308.66225   145034515.87533   -299767.60389   -28.90962   7.30768   0.24113
2464041.09209   35026909.86654   145262100.53324   -292157.34061   -28.95414   7.12560   0.24150
2464041.45746   34113125.43039   145483938.72477   -284535.51980   -28.99750   6.94325   0.24187
2464041.82282   33197991.62167   145700022.18258   -276902.44395   -29.03971   6.76064   0.24222
2464042.18819   32281544.75541   145910342.86917   -269258.41596   -29.08077   6.57777   0.24256
2464042.55355   31363821.19232   146114892.97716   -261603.73912   -29.12068   6.39467   0.24289
2464042.91892   30444857.33728   146313664.92948   -253938.71709   -29.15943   6.21133   0.24322
2464043.28428   29524689.63796   146506651.37961   -246263.65386   -29.19703   6.02776   0.24353
2464043.64965   28603354.58323   146693845.21180   -238578.85379   -29.23347   5.84396   0.24383
2464044.01502   27680888.70182   146875239.54123   -230884.62156   -29.26874   5.65996   0.24413
2464044.38038   26757328.56073   147050827.71426   -223181.26218   -29.30286   5.47574   0.24441
2464044.74575   25832710.76384   147220603.30858   -215469.08095   -29.33582   5.29132   0.24469
2464045.11111   24907071.95040   147384560.13339   -207748.38349   -29.36761   5.10672   0.24495
2464045.47648   23980448.79356   147542692.22955   -200019.47568   -29.39825   4.92192   0.24521
2464045.84184   23052877.99892   147694993.86978   -192282.66368   -29.42771   4.73695   0.24545
2464046.20721   22124396.30302   147841459.55873   -184538.25391   -29.45602   4.55181   0.24569
2464046.57257   21195040.47189   147982084.03319   -176786.55303   -29.48315   4.36651   0.24592
2464046.93794   20264847.29959   148116862.26218   -169027.86793   -29.50912   4.18105   0.24613
2464047.30330   19333853.60670   148245789.44706   -161262.50574   -29.53392   3.99544   0.24634
2464047.66867   18402096.23886   148368861.02167   -153490.77379   -29.55755   3.80969   0.24654
2464048.03403   17469612.06531   148486072.65239   -145712.97959   -29.58001   3.62380   0.24673
2464048.39940   16536437.97742   148597420.23825   -137929.43086   -29.60130   3.43779   0.24690
2464048.76476   15602610.88718   148702899.91101   -130140.43548   -29.62143   3.25166   0.24707
2464049.13013   14668167.72575   148802508.03521   -122346.30148   -29.64038   3.06542   0.24723
2464049.49550   13733145.44202   148896241.20828   -114547.33706   -29.65815   2.87908   0.24738
2464049.86086   12797581.00107   148984096.26052   -106743.85054   -29.67476   2.69264   0.24752
2464050.22623   11861511.38275   149066070.25519   -98936.15036   -29.69019   2.50611   0.24764
2464050.59159   10924973.58018   149142160.48853   -91124.54509   -29.70445   2.31949   0.24776
2464050.95696   9988004.59831   149212364.48979   -83309.34338   -29.71754   2.13280   0.24787
2464051.32232   9050641.45240   149276680.02123   -75490.85397   -29.72945   1.94605   0.24797
2464051.68769   8112921.16661   149335105.07813   -67669.38567   -29.74019   1.75923   0.24806
2464052.05305   7174880.77247   149387637.88879   -59845.24737   -29.74975   1.57237   0.24814
2464052.41842   6236557.30747   149434276.91452   -52018.74800   -29.75814   1.38545   0.24821
2464052.78378   5297987.81354   149475020.84958   -44190.19651   -29.76535   1.19850   0.24827
2464053.14915   4359209.33562   149509868.62122   -36359.90190   -29.77139   1.01152   0.24832
2464053.51451   3420258.92019   149538819.38955   -28528.17317   -29.77626   0.82452   0.24836
2464053.87988   2481173.61378   149561872.54756   -20695.31932   -29.77995   0.63750   0.24839
2464054.24525   1541990.46152   149579027.72102   -12861.64935   -29.78246   0.45047   0.24841
2464054.61061   602746.50570   149590284.76842   -5027.47222   -29.78380   0.26344   0.24842
2464054.97598   -336521.21572   149595643.78091   2806.90314   -29.78397   0.07642   0.24843
2464055.34134   -1275775.67057   149595105.08218   10641.16785   -29.78296   -0.11058   0.24842
2464055.70671   -2214979.83392   149588669.22838   18475.01308   -29.78078   -0.29757   0.24840
2464056.07207   -3154096.68952   149576337.00802   26308.13007   -29.77742   -0.48453   0.24837
2464056.43744   -4093089.23130   149558109.44184   34140.21018   -29.77290   -0.67145   0.24833
2464056.80280   -5031920.46477   149533987.78270   41970.94482   -29.76719   -0.85833   0.24829
2464057.16817   -5970553.40852   149503973.51543   49800.02554   -29.76032   -1.04516   0.24823
2464057.53353   -6908951.09567   149468068.35669   57627.14399   -29.75227   -1.23192   0.24816
2464057.89890   -7847076.57526   149426274.25485   65451.99198   -29.74306   -1.41863   0.24809
2464058.26426   -8784892.91379   149378593.38977   73274.26145   -29.73267   -1.60526   0.24800
2464058.62963   -9722363.19658   149325028.17270   81093.64448   -29.72111   -1.79181   0.24790
2464058.99499   -10659450.52928   149265581.24604   88909.83335   -29.70838   -1.97827   0.24780
2464059.36036   -11596118.03928   149200255.48318   96722.52051   -29.69449   -2.16464   0.24768
2464059.72573   -12532328.87714   149129053.98832   104531.39858   -29.67942   -2.35091   0.24755
2464060.09109   -13468046.21807   149051980.09623   112336.16044   -29.66319   -2.53707   0.24742
2464060.45646   -14403233.26335   148969037.37205   120136.49912   -29.64579   -2.72311   0.24727
2464060.82182   -15337853.24172   148880229.61108   127932.10794   -29.62723   -2.90902   0.24712
2464061.18719   -16271869.41090   148785560.83852   135722.68042   -29.60750   -3.09481   0.24695
2464061.55255   -17205245.05893   148685035.30927   143507.91035   -29.58660   -3.28046   0.24678
2464061.91792   -18137943.50568   148578657.50764   151287.49179   -29.56455   -3.46596   0.24660
2464062.28328   -19069928.10421   148466432.14710   159061.11906   -29.54133   -3.65130   0.24640
2464062.64865   -20001162.24223   148348364.17004   166828.48679   -29.51696   -3.83649   0.24620
2464063.01401   -20931609.34351   148224458.74746   174589.28989   -29.49142   -4.02151   0.24599
2464063.37938   -21861232.86932   148094721.27871   182343.22360   -29.46473   -4.20636   0.24576
2464063.74474   -22789996.31980   147959157.39117   190089.98347   -29.43687   -4.39102   0.24553
2464064.11011   -23717863.23543   147817772.93997   197829.26539   -29.40787   -4.57549   0.24529
2464064.47548   -24644797.19839   147670574.00768   205560.76562   -29.37771   -4.75977   0.24504
2464064.84084   -25570761.83402   147517566.90399   213284.18075   -29.34639   -4.94384   0.24478
2464065.20621   -26495720.81219   147358758.16536   220999.20774   -29.31393   -5.12771   0.24451
2464065.57157   -27419637.84869   147194154.55471   228705.54397   -29.28031   -5.31135   0.24423
2464065.93694   -28342476.70668   147023763.06105   236402.88717   -29.24555   -5.49477   0.24394
2464066.30230   -29264201.19806   146847590.89916   244090.93551   -29.20964   -5.67796   0.24364
2464066.66767   -30184775.18486   146665645.50920   251769.38756   -29.17259   -5.86090   0.24333
2464067.03303   -31104162.58064   146477934.55634   259437.94232   -29.13439   -6.04360   0.24301
2464067.39840   -32022327.35187   146284465.93041   267096.29925   -29.09505   -6.22605   0.24268
2464067.76376   -32939233.51934   146085247.74547   274744.15824   -29.05457   -6.40824   0.24234
2464068.12913   -33854845.15952   145880288.33945   282381.21965   -29.01295   -6.59016   0.24200
2464068.49449   -34769126.40594   145669596.27372   290007.18433   -28.97020   -6.77180   0.24164
2464068.85986   -35682041.45057   145453180.33270   297621.75361   -28.92631   -6.95316   0.24127
2464069.22523   -36593554.54521   145231049.52344   305224.62930   -28.88129   -7.13423   0.24090
2464069.59059   -37503630.00284   145003213.07514   312815.51375   -28.83513   -7.31501   0.24051
2464069.95596   -38412232.19899   144769680.43880   320394.10982   -28.78785   -7.49548   0.24012
2464070.32132   -39319325.57311   144530461.28669   327960.12089   -28.73944   -7.67564   0.23971
2464070.68669   -40224874.62992   144285565.51196   335513.25090   -28.68991   -7.85549   0.23930
2464071.05205   -41128843.94078   144035003.22812   343053.20435   -28.63926   -8.03501   0.23888
2464071.41742   -42031198.14503   143778784.76864   350579.68630   -28.58748   -8.21420   0.23845
2464071.78278   -42931901.95135   143516920.68641   358092.40237   -28.53459   -8.39305   0.23801
2464072.14815   -43830920.13911   143249421.75327   365591.05880   -28.48058   -8.57156   0.23755
2464072.51351   -44728217.55967   142976298.95955   373075.36241   -28.42546   -8.74971   0.23710
2464072.87888   -45623759.13779   142697563.51350   380545.02065   -28.36923   -8.92751   0.23663
2464073.24424   -46517509.87290   142413226.84087   387999.74158   -28.31189   -9.10494   0.23615
2464073.60961   -47409434.84047   142123300.58430   395439.23389   -28.25344   -9.28200   0.23566
2464073.97497   -48299499.19333   141827796.60285   402863.20692   -28.19389   -9.45868   0.23516
2464074.34034   -49187668.16296   141526726.97147   410271.37068   -28.13324   -9.63497   0.23466
2464074.70571   -50073907.06087   141220103.98042   417663.43582   -28.07148   -9.81087   0.23414
2464075.07107   -50958181.27985   140907940.13473   425039.11370   -28.00864   -9.98637   0.23362
2464075.43644   -51840456.29535   140590248.15369   432398.11634   -27.94470   -10.16146   0.23309
2464075.80180   -52720697.66672   140267040.97022   439740.15648   -27.87966   -10.33614   0.23254
2464076.16717   -53598871.03856   139938331.73032   447064.94756   -27.81354   -10.51040   0.23199
2464076.53253   -54474942.14199   139604133.79251   454372.20374   -27.74634   -10.68423   0.23143
2464076.89790   -55348876.79597   139264460.72723   461661.63993   -27.67805   -10.85762   0.23086
2464077.26326   -56220640.90857   138919326.31622   468932.97177   -27.60869   -11.03058   0.23028
2464077.62863   -57090200.47827   138568744.55196   476185.91564   -27.53824   -11.20309   0.22969
2464077.99399   -57957521.59525   138212729.63701   483420.18872   -27.46672   -11.37515   0.22910
2464078.35936   -58822570.44261   137851295.98344   490635.50893   -27.39414   -11.54675   0.22849
2464078.72472   -59685313.29775   137484458.21216   497831.59500   -27.32048   -11.71787   0.22788
2464079.09009   -60545716.53352   137112231.15231   505008.16645   -27.24576   -11.88853   0.22726
2464079.45546   -61403746.61958   136734629.84064   512164.94360   -27.16998   -12.05871   0.22662
2464079.82082   -62259370.12361   136351669.52080   519301.64759   -27.09313   -12.22840   0.22598
2464080.18619   -63112553.71257   135963365.64275   526418.00040   -27.01524   -12.39759   0.22533
2464080.55155   -63963264.15396   135569733.86205   533513.72483   -26.93629   -12.56629   0.22467
2464080.91692   -64811468.31708   135170790.03922   540588.54455   -26.85629   -12.73448   0.22401
2464081.28228   -65657133.17423   134766550.23903   547642.18407   -26.77525   -12.90216   0.22333
2464081.64765   -66500225.80199   134357030.72986   554674.36878   -26.69316   -13.06931   0.22265
2464082.01301   -67340713.38244   133942247.98297   561684.82495   -26.61004   -13.23595   0.22195
2464082.37838   -68178563.20435   133522218.67180   568673.27973   -26.52588   -13.40205   0.22125
2464082.74374   -69013742.66448   133096959.67131   575639.46119   -26.44068   -13.56761   0.22054
2464083.10911   -69846219.26872   132666488.05718   582583.09829   -26.35446   -13.73263   0.21982
2464083.47447   -70675960.63334   132230821.10520   589503.92092   -26.26722   -13.89710   0.21909
2464083.83984   -71502934.48620   131789976.29045   596401.65990   -26.17895   -14.06101   0.21836
2464084.20521   -72327108.66794   131343971.28660   603276.04700   -26.08966   -14.22435   0.21761
2464084.57057   -73148451.13320   130892823.96517   610126.81491   -25.99936   -14.38713   0.21686
2464084.93594   -73966929.95177   130436552.39480   616953.69733   -25.90805   -14.54933   0.21610
2464085.30130   -74782513.30982   129975174.84045   623756.42888   -25.81574   -14.71095   0.21533
2464085.66667   -75595169.51108   129508709.76266   630534.74519   -25.72242   -14.87198   0.21455
2464086.03203   -76404866.97797   129037175.81680   637288.38288   -25.62809   -15.03241   0.21376
2464086.39740   -77211574.25284   128560591.85226   644017.07956   -25.53278   -15.19225   0.21297
2464086.76276   -78015259.99909   128078976.91170   650720.57385   -25.43647   -15.35147   0.21216
2464087.12813   -78815893.00234   127592350.23023   657398.60540   -25.33918   -15.51009   0.21135
2464087.49349   -79613442.17162   127100731.23463   664050.91487   -25.24090   -15.66808   0.21053
2464087.85886   -80407876.54046   126604139.54256   670677.24398   -25.14164   -15.82545   0.20970
2464088.22422   -81199165.26809   126102594.96172   677277.33549   -25.04140   -15.98219   0.20887
2464088.58959   -81987277.64056   125596117.48906   683850.93321   -24.94019   -16.13829   0.20802
2464088.95495   -82772183.07187   125084727.30995   690397.78203   -24.83802   -16.29375   0.20717
2464089.32032   -83553851.10511   124568444.79734   696917.62790   -24.73488   -16.44856   0.20631
2464089.68569   -84332251.41357   124047290.51094   703410.21788   -24.63078   -16.60272   0.20544
2464090.05105   -85107353.80190   123521285.19639   709875.30011   -24.52573   -16.75621   0.20457
2464090.41642   -85879128.20715   122990449.78435   716312.62383   -24.41972   -16.90904   0.20368
2464090.78178   -86647544.69995   122454805.38975   722721.93941   -24.31277   -17.06119   0.20279
2464091.14715   -87412573.48557   121914373.31083   729102.99833   -24.20488   -17.21267   0.20189
2464091.51251   -88174184.90502   121369175.02831   735455.55320   -24.09605   -17.36346   0.20098
2464091.87788   -88932349.43617   120819232.20456   741779.35778   -23.98628   -17.51357   0.20007
2464092.24324   -89687037.69481   120264566.68264   748074.16699   -23.87558   -17.66297   0.19914
2464092.60861   -90438220.43570   119705200.48548   754339.73688   -23.76396   -17.81168   0.19821
2464092.97397   -91185868.55373   119141155.81495   760575.82470   -23.65142   -17.95968   0.19728
2464093.33934   -91929953.08488   118572455.05098   766782.18885   -23.53796   -18.10697   0.19633
2464093.70470   -92670445.20738   117999120.75067   772958.58894   -23.42359   -18.25354   0.19537
2464094.07007   -93407316.24271   117421175.64734   779104.78576   -23.30831   -18.39938   0.19441
2464094.43544   -94140537.65664   116838642.64966   785220.54131   -23.19213   -18.54450   0.19344
2464094.80080   -94870081.06033   116251544.84068   791305.61880   -23.07506   -18.68888   0.19247
2464095.16617   -95595918.21131   115659905.47696   797359.78265   -22.95709   -18.83252   0.19148
2464095.53153   -96318021.01455   115063747.98758   803382.79854   -22.83823   -18.97542   0.19049
2464095.89690   -97036361.52348   114463095.97326   809374.43336   -22.71848   -19.11756   0.18949
2464096.26226   -97750911.94098   113857973.20534   815334.45526   -22.59786   -19.25895   0.18849
2464096.62763   -98461644.62044   113248403.62491   821262.63363   -22.47636   -19.39957   0.18747
2464096.99299   -99168532.06673   112634411.34181   827158.73914   -22.35400   -19.53943   0.18645
2464097.35836   -99871546.93725   112016020.63365   833022.54374   -22.23077   -19.67852   0.18543
2464097.72372   -100570662.04286   111393255.94491   838853.82063   -22.10668   -19.81683   0.18439
2464098.08909   -101265850.34892   110766141.88588   844652.34432   -21.98173   -19.95435   0.18335
2464098.45445   -101957084.97625   110134703.23175   850417.89062   -21.85594   -20.09109   0.18230
2464098.81982   -102644339.20213   109498964.92162   856150.23662   -21.72930   -20.22704   0.18124
2464099.18519   -103327586.46125   108858952.05746   861849.16076   -21.60182   -20.36218   0.18018
2464099.55055   -104006800.34668   108214689.90317   867514.44278   -21.47350   -20.49652   0.17911
2464099.91592   -104681954.61082   107566203.88355   873145.86374   -21.34436   -20.63006   0.17803
2464100.28128   -105353023.16639   106913519.58331   878743.20605   -21.21439   -20.76278   0.17695
2464100.64665   -106019980.08732   106256662.74605   884306.25346   -21.08360   -20.89468   0.17586
2464101.01201   -106682799.60973   105595659.27326   889834.79108   -20.95200   -21.02575   0.17476
2464101.37738   -107341456.13285   104930535.22326   895328.60538   -20.81959   -21.15600   0.17365
2464101.74274   -107995924.21996   104261316.81022   900787.48418   -20.68637   -21.28541   0.17254
2464102.10811   -108646178.59928   103588030.40310   906211.21670   -20.55236   -21.41399   0.17143
2464102.47347   -109292194.16492   102910702.52464   911599.59354   -20.41755   -21.54172   0.17030
2464102.83884   -109933945.97775   102229359.85027   916952.40666   -20.28195   -21.66861   0.16917
2464103.20420   -110571409.26634   101544029.20713   922269.44947   -20.14557   -21.79464   0.16803
2464103.56957   -111204559.42783   100854737.57296   927550.51674   -20.00842   -21.91981   0.16689
2464103.93493   -111833372.02881   100161512.07507   932795.40469   -19.87049   -22.04412   0.16574
2464104.30030   -112457822.80624   99464379.98928   938003.91092   -19.73179   -22.16756   0.16458
2464104.66567   -113077887.66828   98763368.73884   943175.83450   -19.59234   -22.29013   0.16342
2464105.03103   -113693542.69517   98058505.89340   948310.97592   -19.45212   -22.41183   0.16225
2464105.39640   -114304764.14013   97349819.16786   953409.13709   -19.31116   -22.53264   0.16107
2464105.76176   -114911528.43015   96637336.42136   958470.12140   -19.16945   -22.65257   0.15989
2464106.12713   -115513812.16690   95921085.65616   963493.73369   -19.02701   -22.77161   0.15870
2464106.49249   -116111592.12751   95201095.01657   968479.78025   -18.88383   -22.88975   0.15751
2464106.85786   -116704845.26548   94477392.78783   973428.06886   -18.73992   -23.00699   0.15631
2464107.22322   -117293548.71142   93750007.39503   978338.40876   -18.59529   -23.12333   0.15510
2464107.58859   -117877679.77396   93018967.40200   983210.61069   -18.44994   -23.23877   0.15389
2464107.95395   -118457215.94049   92284301.51020   988044.48687   -18.30388   -23.35329   0.15267
2464108.31932   -119032134.87801   91546038.55764   992839.85102   -18.15712   -23.46689   0.15145
2464108.68468   -119602414.43391   90804207.51769   997596.51837   -18.00966   -23.57957   0.15022
2464109.05005   -120168032.63680   90058837.49805   1002314.30565   -17.86150   -23.69133   0.14898
2464109.41542   -120728967.69725   89309957.73954   1006993.03113   -17.71265   -23.80216   0.14774
2464109.78078   -121285198.00858   88557597.61505   1011632.51458   -17.56313   -23.91205   0.14649
2464110.14615   -121836702.14766   87801786.62832   1016232.57731   -17.41292   -24.02101   0.14524
2464110.51151   -122383458.87566   87042554.41289   1020793.04217   -17.26205   -24.12902   0.14398
2464110.87688   -122925447.13882   86279930.73089   1025313.73355   -17.11051   -24.23609   0.14272
2464111.24224   -123462646.06915   85513945.47193   1029794.47740   -16.95831   -24.34221   0.14145
2464111.60761   -123995034.98527   84744628.65194   1034235.10120   -16.80546   -24.44738   0.14017
2464111.97297   -124522593.39306   83972010.41201   1038635.43404   -16.65197   -24.55159   0.13889
2464112.33834   -125045300.98645   83196121.01724   1042995.30652   -16.49783   -24.65483   0.13761
2464112.70370   -125563137.64809   82416990.85557   1047314.55085   -16.34305   -24.75712   0.13632
2464113.06907   -126076083.45014   81634650.43663   1051593.00082   -16.18765   -24.85843   0.13502
2464113.43443   -126584118.65491   80849130.39055   1055830.49179   -16.03163   -24.95877   0.13372
2464113.79980   -127087223.71560   80060461.46678   1060026.86073   -15.87498   -25.05813   0.13241
2464114.16517   -127585379.27700   79268674.53296   1064181.94619   -15.71773   -25.15651   0.13110
2464114.53053   -128078566.17614   78473800.57369   1068295.58834   -15.55988   -25.25390   0.12978
2464114.89590   -128566765.44304   77675870.68934   1072367.62896   -15.40142   -25.35031   0.12846
2464115.26126   -129049958.30131   76874916.09490   1076397.91142   -15.24237   -25.44573   0.12714
2464115.62663   -129528126.16887   76070968.11879   1080386.28073   -15.08274   -25.54015   0.12580
2464115.99199   -130001250.65859   75264058.20160   1084332.58354   -14.92252   -25.63357   0.12447
2464116.35736   -130469313.57894   74454217.89496   1088236.66810   -14.76174   -25.72599   0.12313
2464116.72272   -130932296.93464   73641478.86032   1092098.38432   -14.60038   -25.81741   0.12178
2464117.08809   -131390182.92732   72825872.86771   1095917.58374   -14.43846   -25.90782   0.12043
2464117.45345   -131842953.95610   72007431.79456   1099694.11956   -14.27599   -25.99721   0.11908
2464117.81882   -132290592.61828   71186187.62450   1103427.84662   -14.11297   -26.08559   0.11772
2464118.18418   -132733081.70991   70362172.44611   1107118.62142   -13.94941   -26.17294   0.11635
2464118.54955   -133170404.22640   69535418.45170   1110766.30213   -13.78531   -26.25928   0.11498
2464118.91491   -133602543.36316   68705957.93614   1114370.74858   -13.62068   -26.34459   0.11361
2464119.28028   -134029482.51616   67873823.29556   1117931.82228   -13.45553   -26.42887   0.11223
2464119.64565   -134451205.28253   67039047.02618   1121449.38641   -13.28986   -26.51212   0.11085
2464120.01101   -134867695.46113   66201661.72303   1124923.30585   -13.12369   -26.59433   0.10946
2464120.37638   -135278937.05315   65361700.07876   1128353.44714   -12.95700   -26.67551   0.10807
2464120.74174   -135684914.26265   64519194.88238   1131739.67854   -12.78982   -26.75564   0.10668
2464121.10711   -136085611.49713   63674179.01799   1135081.86998   -12.62215   -26.83474   0.10528
2464121.47247   -136481013.36807   62826685.46359   1138379.89311   -12.45399   -26.91278   0.10388
2464121.83784   -136871104.69151   61976747.28979   1141633.62129   -12.28536   -26.98977   0.10247
2464122.20320   -137255870.48852   61124397.65858   1144842.92958   -12.11625   -27.06571   0.10106
2464122.56857   -137635295.98579   60269669.82208   1148007.69474   -11.94668   -27.14060   0.09965
2464122.93393   -138009366.61613   59412597.12125   1151127.79529   -11.77665   -27.21442   0.09823
2464123.29930   -138378068.01897   58553212.98469   1154203.11143   -11.60617   -27.28719   0.09681
2464123.66466   -138741386.04090   57691550.92731   1157233.52512   -11.43524   -27.35889   0.09538
2464124.03003   -139099306.73614   56827644.54912   1160218.92003   -11.26387   -27.42952   0.09395
2464124.39540   -139451816.36702   55961527.53394   1163159.18158   -11.09207   -27.49908   0.09252
2464124.76076   -139798901.40452   55093233.64814   1166054.19692   -10.91985   -27.56758   0.09108
2464125.12613   -140140548.52869   54222796.73935   1168903.85496   -10.74720   -27.63499   0.08964
2464125.49149   -140476744.62914   53350250.73520   1171708.04634   -10.57415   -27.70133   0.08820
2464125.85686   -140807476.80551   52475629.64203   1174466.66346   -10.40068   -27.76659   0.08675
2464126.22222   -141132732.36792   51598967.54365   1177179.60047   -10.22682   -27.83077   0.08530
2464126.58759   -141452498.83740   50720298.60001   1179846.75328   -10.05257   -27.89387   0.08385
2464126.95295   -141766763.94636   49839657.04592   1182468.01959   -9.87793   -27.95587   0.08239
2464127.31832   -142075515.63898   48957077.18980   1185043.29881   -9.70291   -28.01679   0.08093
2464127.68368   -142378742.07167   48072593.41235   1187572.49218   -9.52752   -28.07662   0.07947
2464128.04905   -142676431.61349   47186240.16531   1190055.50268   -9.35177   -28.13535   0.07800
2464128.41441   -142968572.84652   46298051.97010   1192492.23507   -9.17565   -28.19299   0.07653
2464128.77978   -143255154.56630   45408063.41657   1194882.59589   -8.99918   -28.24953   0.07506
2464129.14515   -143536165.78219   44516309.16170   1197226.49348   -8.82237   -28.30497   0.07359
2464129.51051   -143811595.71778   43622823.92829   1199523.83794   -8.64522   -28.35931   0.07211
2464129.87588   -144081433.81128   42727642.50365   1201774.54119   -8.46774   -28.41254   0.07063
2464130.24124   -144345669.71585   41830799.73832   1203978.51692   -8.28994   -28.46467   0.06915
2464130.60661   -144604293.30001   40932330.54474   1206135.68062   -8.11181   -28.51569   0.06766
2464130.97197   -144857294.64794   40032269.89596   1208245.94959   -7.93338   -28.56560   0.06617
2464131.33734   -145104664.05988   39130652.82434   1210309.24292   -7.75464   -28.61440   0.06468
2464131.70270   -145346392.05246   38227514.42019   1212325.48152   -7.57560   -28.66208   0.06319
2464132.06807   -145582469.35899   37322889.83053   1214294.58808   -7.39628   -28.70865   0.06169
2464132.43343   -145812886.92986   36416814.25771   1216216.48713   -7.21666   -28.75410   0.06019
2464132.79880   -146037635.93277   35509322.95812   1218091.10499   -7.03678   -28.79843   0.05869
2464133.16416   -146256707.75311   34600451.24090   1219918.36982   -6.85662   -28.84165   0.05719
2464133.52953   -146470093.99424   33690234.46656   1221698.21157   -6.67620   -28.88374   0.05569
2464133.89489   -146677786.47776   32778708.04572   1223430.56204   -6.49553   -28.92470   0.05418
2464134.26026   -146879777.24384   31865907.43773   1225115.35483   -6.31460   -28.96454   0.05267
2464134.62563   -147076058.55145   30951868.14940   1226752.52536   -6.13344   -29.00326   0.05116
2464134.99099   -147266622.87868   30036625.73365   1228342.01091   -5.95204   -29.04085   0.04965
2464135.35636   -147451462.92297   29120215.78816   1229883.75056   -5.77041   -29.07730   0.04813
2464135.72172   -147630571.60136   28202673.95409   1231377.68524   -5.58856   -29.11263   0.04661
2464136.08709   -147803942.05079   27284035.91472   1232823.75769   -5.40649   -29.14682   0.04510
2464136.45245   -147971567.62826   26364337.39410   1234221.91251   -5.22422   -29.17988   0.04357
2464136.81782   -148133441.91115   25443614.15578   1235572.09613   -5.04175   -29.21181   0.04205
2464137.18318   -148289558.69736   24521902.00141   1236874.25682   -4.85908   -29.24260   0.04053
2464137.54855   -148439912.00559   23599236.76945   1238128.34469   -4.67623   -29.27225   0.03900
2464137.91391   -148584496.07552   22675654.33381   1239334.31169   -4.49320   -29.30077   0.03748
2464138.27928   -148723305.36803   21751190.60252   1240492.11162   -4.31000   -29.32815   0.03595
2464138.64464   -148856334.56537   20825881.51641   1241601.70012   -4.12663   -29.35438   0.03442
2464139.01001   -148983578.57135   19899763.04775   1242663.03469   -3.94311   -29.37948   0.03289
2464139.37538   -149105032.51155   18972871.19889   1243676.07468   -3.75943   -29.40343   0.03136
2464139.74074   -149220691.73343   18045242.00098   1244640.78126   -3.57561   -29.42624   0.02982
2464140.10611   -149330551.80658   17116911.51258   1245557.11750   -3.39165   -29.44790   0.02829
2464140.47147   -149434608.52277   16187915.81832   1246425.04829   -3.20756   -29.46843   0.02675
2464140.83684   -149532857.89619   15258291.02760   1247244.54038   -3.02335   -29.48780   0.02522
2464141.20220   -149625296.16352   14328073.27318   1248015.56239   -2.83903   -29.50603   0.02368
2464141.56757   -149711919.78413   13397298.70989   1248738.08478   -2.65459   -29.52311   0.02214
2464141.93293   -149792725.44013   12466003.51326   1249412.07988   -2.47005   -29.53905   0.02060
2464142.29830   -149867710.03652   11534223.87817   1250037.52187   -2.28542   -29.55384   0.01906
2464142.66366   -149936870.70133   10601996.01753   1250614.38680   -2.10070   -29.56748   0.01752
2464143.02903   -150000204.78567   9669356.16091   1251142.65257   -1.91590   -29.57996   0.01598
2464143.39439   -150057709.86384   8736340.55319   1251622.29896   -1.73103   -29.59131   0.01444
2464143.75976   -150109383.73342   7802985.45322   1252053.30758   -1.54609   -29.60150   0.01290
2464144.12513   -150155224.41535   6869327.13248   1252435.66194   -1.36109   -29.61054   0.01135
2464144.49049   -150195230.15397   5935401.87373   1252769.34740   -1.17604   -29.61842   0.00981
2464144.85586   -150229399.41714   5001245.96963   1253054.35116   -0.99095   -29.62516   0.00827
2464145.22122   -150257730.89623   4066895.72143   1253290.66231   -0.80582   -29.63075   0.00672
2464145.58659   -150280223.50620   3132387.43761   1253478.27182   -0.62065   -29.63519   0.00518
2464145.95195   -150296876.38564   2197757.43252   1253617.17248   -0.43546   -29.63847   0.00363
2464146.31732   -150307688.89678   1263042.02503   1253707.35898   -0.25026   -29.64060   0.00209
2464146.68268   -150312660.62552   328277.53718   1253748.82787   -0.06504   -29.64158   0.00054
2464147.04805   -150311791.38147   -606499.70714   1253741.57756   0.12017   -29.64141   -0.00100
2464147.41341   -150305081.19790   -1541253.38360   1253685.60832   0.30538   -29.64009   -0.00255
2464147.77878   -150292530.33181   -2475947.16872   1253580.92230   0.49058   -29.63761   -0.00409
2464148.14414   -150274139.26387   -3410544.74125   1253427.52352   0.67577   -29.63399   -0.00564
2464148.50951   -150249908.69840   -4345009.78354   1253225.41783   0.86092   -29.62921   -0.00718
2464148.87487   -150219839.56339   -5279305.98283   1252974.61299   1.04604   -29.62328   -0.00872
2464149.24024   -150183933.01043   -6213397.03266   1252675.11860   1.23113   -29.61620   -0.01027
2464149.60561   -150142190.41467   -7147246.63420   1252326.94613   1.41616   -29.60796   -0.01181
2464149.97097   -150094613.37479   -8080818.49759   1251930.10891   1.60114   -29.59858   -0.01336
2464150.33634   -150041203.71295   -9014076.34329   1251484.62215   1.78606   -29.58805   -0.01490
2464150.70170   -149981963.47470   -9946983.90343   1250990.50290   1.97092   -29.57637   -0.01644
2464151.06707   -149916894.92892   -10879504.92318   1250447.77009   2.15569   -29.56354   -0.01798
2464151.43243   -149846000.56774   -11811603.16208   1249856.44450   2.34039   -29.54956   -0.01952
2464151.79780   -149769283.10647   -12743242.39537   1249216.54879   2.52499   -29.53443   -0.02106
2464152.16316   -149686745.48347   -13674386.41538   1248528.10746   2.70950   -29.51815   -0.02260
2464152.52853   -149598390.86009   -14604999.03284   1247791.14688   2.89390   -29.50072   -0.02414
2464152.89389   -149504222.62053   -15535044.07824   1247005.69528   3.07819   -29.48215   -0.02568
2464153.25926   -149404244.37170   -16464485.40318   1246171.78274   3.26237   -29.46244   -0.02721
2464153.62462   -149298459.94318   -17393286.88170   1245289.44121   3.44642   -29.44158   -0.02875
2464153.98999   -149186873.38698   -18321412.41165   1244358.70448   3.63033   -29.41957   -0.03028
2464154.35536   -149069488.97747   -19248825.91601   1243379.60820   3.81411   -29.39642   -0.03181
2464154.72072   -148946311.21120   -20175491.34424   1242352.18989   3.99775   -29.37213   -0.03334
2464155.08609   -148817344.80676   -21101372.67363   1241276.48890   4.18122   -29.34669   -0.03488
2464155.45145   -148682594.70460   -22026433.91063   1240152.54643   4.36454   -29.32012   -0.03640
2464155.81682   -148542066.06687   -22950639.09218   1238980.40555   4.54770   -29.29240   -0.03793
2464156.18218   -148395764.27722   -23873952.28710   1237760.11115   4.73067   -29.26355   -0.03946
2464156.54755   -148243694.94065   -24796337.59735   1236491.71000   4.91347   -29.23356   -0.04098
2464156.91291   -148085863.88325   -25717759.15945   1235175.25067   5.09608   -29.20243   -0.04251
2464157.27828   -147922277.15207   -26638181.14574   1233810.78363   5.27849   -29.17016   -0.04403
2464157.64364   -147752941.01487   -27557567.76578   1232398.36113   5.46070   -29.13676   -0.04555
2464158.00901   -147577861.95988   -28475883.26764   1230938.03730   5.64270   -29.10223   -0.04707
2464158.37437   -147397046.69562   -29393091.93926   1229429.86810   5.82449   -29.06657   -0.04858
2464158.73974   -147210502.15064   -30309158.10975   1227873.91131   6.00605   -29.02978   -0.05010
2464159.10511   -147018235.47328   -31224046.15077   1226270.22656   6.18738   -28.99185   -0.05161
2464159.47047   -146820254.03140   -32137720.47781   1224618.87530   6.36848   -28.95280   -0.05312
2464159.83584   -146616565.41218   -33050145.55154   1222919.92083   6.54933   -28.91263   -0.05463
2464160.20120   -146407177.42178   -33961285.87914   1221173.42824   6.72993   -28.87133   -0.05613
2464160.56657   -146192098.08512   -34871106.01562   1219379.46448   6.91027   -28.82890   -0.05764
2464160.93193   -145971335.64560   -35779570.56514   1217538.09830   7.09035   -28.78536   -0.05914
2464161.29730   -145744898.56475   -36686644.18234   1215649.40028   7.27015   -28.74069   -0.06064
2464161.66266   -145512795.52201   -37592291.57364   1213713.44281   7.44968   -28.69491   -0.06214
2464162.02803   -145275035.41439   -38496477.49861   1211730.30011   7.62892   -28.64800   -0.06363
2464162.39339   -145031627.35615   -39399166.77120   1209700.04819   7.80787   -28.59999   -0.06512
2464162.75876   -144782580.67849   -40300324.26117   1207622.76488   7.98652   -28.55086   -0.06662
2464163.12412   -144527904.92924   -41199914.89529   1205498.52983   8.16486   -28.50062   -0.06810
2464163.48949   -144267609.87250   -42097903.65873   1203327.42448   8.34289   -28.44927   -0.06959
2464163.85485   -144001705.48831   -42994255.59635   1201109.53206   8.52060   -28.39681   -0.07107
2464164.22022   -143730201.97228   -43888935.81398   1198844.93763   8.69798   -28.34325   -0.07255
2464164.58559   -143453109.73527   -44781909.47978   1196533.72801   8.87503   -28.28858   -0.07403
2464164.95095   -143170439.40299   -45673141.82548   1194175.99183   9.05174   -28.23282   -0.07550
2464165.31632   -142882201.81566   -46562598.14776   1191771.81951   9.22811   -28.17595   -0.07697
2464165.68168   -142588408.02759   -47450243.80948   1189321.30326   9.40411   -28.11799   -0.07844
2464166.04705   -142289069.30681   -48336044.24101   1186824.53707   9.57976   -28.05893   -0.07990
2464166.41241   -141984197.13469   -49219964.94153   1184281.61668   9.75504   -27.99877   -0.08137
2464166.77778   -141673803.20552   -50101971.48033   1181692.63966   9.92995   -27.93753   -0.08283
2464167.14314   -141357899.42608   -50982029.49808   1179057.70531   10.10447   -27.87520   -0.08428
2464167.50851   -141036497.91528   -51860104.70813   1176376.91471   10.27861   -27.81178   -0.08573
2464167.87387   -140709611.00366   -52736162.89781   1173650.37071   10.45235   -27.74728   -0.08718
2464168.23924   -140377251.23301   -53610169.92971   1170878.17793   10.62570   -27.68170   -0.08863
2464168.60460   -140039431.35590   -54482091.74295   1168060.44273   10.79863   -27.61504   -0.09007
2464168.96997   -139696164.33527   -55351894.35446   1165197.27323   10.97115   -27.54730   -0.09151
2464169.33534   -139347463.34392   -56219543.86031   1162288.77931   11.14325   -27.47849   -0.09295
2464169.70070   -138993341.76406   -57085006.43691   1159335.07260   11.31492   -27.40861   -0.09438
2464170.06607   -138633813.18689   -57948248.34232   1156336.26644   11.48616   -27.33766   -0.09581
2464170.43143   -138268891.41205   -58809235.91756   1153292.47594   11.65695   -27.26564   -0.09723
2464170.79680   -137898590.44718   -59667935.58779   1150203.81795   11.82730   -27.19256   -0.09865
2464171.16216   -137522924.50740   -60524313.86367   1147070.41103   11.99720   -27.11842   -0.10007
2464171.52753   -137141908.01482   -61378337.34255   1143892.37546   12.16663   -27.04322   -0.10148
2464171.89289   -136755555.59806   -62229972.70978   1140669.83328   12.33560   -26.96697   -0.10289
2464172.25826   -136363882.09166   -63079186.73993   1137402.90821   12.50409   -26.88966   -0.10430
2464172.62362   -135966902.53563   -63925946.29808   1134091.72570   12.67211   -26.81130   -0.10570
2464172.98899   -135564632.17488   -64770218.34106   1130736.41290   12.83963   -26.73190   -0.10709
2464173.35435   -135157086.45870   -65611969.91869   1127337.09869   13.00667   -26.65146   -0.10849
2464173.71972   -134744281.04019   -66451168.17502   1123893.91361   13.17320   -26.56997   -0.10988
2464174.08509   -134326231.77574   -67287780.34961   1120406.98994   13.33923   -26.48745   -0.11126
2464174.45045   -133902954.72443   -68121773.77873   1116876.46161   13.50474   -26.40389   -0.11264
2464174.81582   -133474466.14751   -68953115.89664   1113302.46425   13.66974   -26.31931   -0.11402
2464175.18118   -133040782.50778   -69781774.23677   1109685.13520   13.83421   -26.23369   -0.11539
2464175.54655   -132601920.46903   -70607716.43300   1106024.61343   13.99815   -26.14705   -0.11676
2464175.91191   -132157896.89543   -71430910.22086   1102321.03960   14.16155   -26.05939   -0.11812
2464176.27728   -131708728.85098   -72251323.43879   1098574.55606   14.32441   -25.97071   -0.11948
2464176.64264   -131254433.59884   -73068924.02932   1094785.30679   14.48672   -25.88101   -0.12083
2464177.00801   -130795028.60078   -73883680.04029   1090953.43743   14.64847   -25.79031   -0.12218
2464177.37337   -130330531.51650   -74695559.62612   1087079.09530   14.80965   -25.69859   -0.12353
2464177.73874   -129860960.20306   -75504531.04897   1083162.42932   14.97027   -25.60587   -0.12487
2464178.10410   -129386332.71421   -76310562.67995   1079203.59009   15.13031   -25.51215   -0.12620
2464178.46947   -128906667.29977   -77113623.00035   1075202.72982   15.28977   -25.41743   -0.12753
2464178.83483   -128421982.40496   -77913680.60285   1071160.00238   15.44864   -25.32172   -0.12886
2464179.20020   -127932296.66976   -78710704.19265   1067075.56322   15.60692   -25.22502   -0.13018
2464179.56557   -127437628.92825   -79504662.58878   1062949.56945   15.76460   -25.12733   -0.13149
2464179.93093   -126937998.20793   -80295524.72516   1058782.17978   15.92167   -25.02866   -0.13280
2464180.29630   -126433423.72906   -81083259.65191   1054573.55451   16.07813   -24.92900   -0.13411
2464180.66166   -125923924.90394   -81867836.53644   1050323.85557   16.23397   -24.82837   -0.13541
2464181.02703   -125409521.33625   -82649224.66468   1046033.24647   16.38919   -24.72677   -0.13670
2464181.39239   -124890232.82036   -83427393.44225   1041701.89230   16.54377   -24.62421   -0.13799
2464181.75776   -124366079.34060   -84202312.39561   1037329.95977   16.69772   -24.52067   -0.13927
2464182.12312   -123837081.07054   -84973951.17328   1032917.61714   16.85102   -24.41618   -0.14055
2464182.48849   -123303258.37231   -85742279.54692   1028465.03424   17.00368   -24.31073   -0.14183
2464182.85385   -122764631.79585   -86507267.41259   1023972.38248   17.15568   -24.20433   -0.14309
2464183.21922   -122221222.07815   -87268884.79184   1019439.83483   17.30702   -24.09697   -0.14436
2464183.58458   -121673050.14256   -88027101.83287   1014867.56581   17.45770   -23.98868   -0.14561
2464183.94995   -121120137.09801   -88781888.81170   1010255.75149   17.60770   -23.87944   -0.14686
2464184.31532   -120562504.23828   -89533216.13333   1005604.56947   17.75703   -23.76927   -0.14811
2464184.68068   -120000173.04120   -90281054.33281   1000914.19890   17.90567   -23.65816   -0.14935
2464185.04605   -119433165.16791   -91025374.07647   996184.82046   18.05362   -23.54613   -0.15058
2464185.41141   -118861502.46210   -91766146.16298   991416.61634   18.20088   -23.43317   -0.15181
2464185.77678   -118285206.94917   -92503341.52451   986609.77026   18.34743   -23.31930   -0.15303
2464186.14214   -117704300.83551   -93236931.22785   981764.46743   18.49328   -23.20450   -0.15425
2464186.50751   -117118806.50766   -93966886.47553   976880.89459   18.63841   -23.08880   -0.15546
2464186.87287   -116528746.53151   -94693178.60693   971959.23995   18.78283   -22.97219   -0.15667
2464187.23824   -115934143.65151   -95415779.09940   966999.69323   18.92652   -22.85468   -0.15786
2464187.60360   -115335020.78985   -96134659.56936   962002.44561   19.06948   -22.73627   -0.15906
2464187.96897   -114731401.04561   -96849791.77339   956967.68976   19.21171   -22.61697   -0.16024
2464188.33433   -114123307.69398   -97561147.60936   951895.61983   19.35319   -22.49678   -0.16142
2464188.69970   -113510764.18535   -98268699.11749   946786.43140   19.49393   -22.37570   -0.16260
2464189.06507   -112893794.14455   -98972418.48145   941640.32154   19.63392   -22.25374   -0.16377
2464189.43043   -112272421.36994   -99672278.02947   936457.48874   19.77315   -22.13091   -0.16493
2464189.79580   -111646669.83257   -100368250.23536   931238.13294   19.91162   -22.00721   -0.16608
2464190.16116   -111016563.67534   -101060307.71964   925982.45552   20.04932   -21.88264   -0.16723
2464190.52653   -110382127.21210   -101748423.25057   920690.65928   20.18625   -21.75721   -0.16837
2464190.89189   -109743384.92676   -102432569.74525   915362.94844   20.32239   -21.63093   -0.16951
2464191.25726   -109100361.47246   -103112720.27065   909999.52863   20.45776   -21.50379   -0.17064
2464191.62262   -108453081.67065   -103788848.04469   904600.60688   20.59233   -21.37581   -0.17176
2464191.98799   -107801570.51016   -104460926.43727   899166.39162   20.72611   -21.24698   -0.17288
2464192.35335   -107145853.14637   -105128928.97130   893697.09268   20.85908   -21.11732   -0.17398
2464192.71872   -106485954.90024   -105792829.32381   888192.92124   20.99125   -20.98683   -0.17509
2464193.08408   -105821901.25742   -106452601.32688   882654.08990   21.12262   -20.85550   -0.17618
2464193.44945   -105153717.86733   -107108218.96877   877080.81258   21.25316   -20.72336   -0.17727
2464193.81481   -104481430.54221   -107759656.39488   871473.30459   21.38288   -20.59040   -0.17835
2464194.18018   -103805065.25620   -108406887.90880   865831.78257   21.51178   -20.45662   -0.17943
2464194.54555   -103124648.14442   -109049887.97331   860156.46451   21.63985   -20.32204   -0.18050
2464194.91091   -102440205.50198   -109688631.21138   854447.56975   21.76708   -20.18666   -0.18156
2464195.27628   -101751763.78304   -110323092.40722   848705.31894   21.89347   -20.05048   -0.18261
2464195.64164   -101059349.59988   -110953246.50721   842929.93404   22.01901   -19.91350   -0.18366
2464196.00701   -100362989.72188   -111579068.62096   837121.63833   22.14370   -19.77574   -0.18470
2464196.37237   -99662711.07460   -112200534.02224   831280.65641   22.26754   -19.63720   -0.18573
2464196.73774   -98958540.73877   -112817618.15001   825407.21415   22.39051   -19.49789   -0.18676
2464197.10310   -98250505.94928   -113430296.60936   819501.53872   22.51262   -19.35780   -0.18778
2464197.46847   -97538634.09428   -114038545.17251   813563.85855   22.63385   -19.21695   -0.18879
2464197.83383   -96822952.71405   -114642339.77974   807594.40337   22.75422   -19.07533   -0.18979
2464198.19920   -96103489.50013   -115241656.54040   801593.40413   22.87370   -18.93296   -0.19079
2464198.56456   -95380272.29421   -115836471.73382   795561.09308   22.99229   -18.78984   -0.19178
2464198.92993   -94653329.08716   -116426761.81027   789497.70367   23.11000   -18.64598   -0.19276
2464199.29530   -93922688.01800   -117012503.39192   783403.47062   23.22681   -18.50138   -0.19373
2464199.66066   -93188377.37288   -117593673.27377   777278.62986   23.34272   -18.35605   -0.19470
2464200.02603   -92450425.58402   -118170248.42455   771123.41854   23.45773   -18.20999   -0.19566
2464200.39139   -91708861.22869   -118742205.98770   764938.07502   23.57183   -18.06320   -0.19661
2464200.75676   -90963713.02817   -119309523.28225   758722.83887   23.68501   -17.91570   -0.19756
2464201.12212   -90215009.84668   -119872177.80374   752477.95083   23.79728   -17.76749   -0.19849
2464201.48749   -89462780.69034   -120430147.22515   746203.65285   23.90863   -17.61858   -0.19942
2464201.85285   -88707054.70609   -120983409.39776   739900.18804   24.01905   -17.46896   -0.20034
2464202.21822   -87947861.18063   -121531942.35208   733567.80068   24.12854   -17.31865   -0.20125
2464202.58358   -87185229.53934   -122075724.29875   727206.73620   24.23709   -17.16766   -0.20216
2464202.94895   -86419189.34520   -122614733.62938   720817.24118   24.34470   -17.01598   -0.20306
2464203.31431   -85649770.29771   -123148948.91746   714399.56336   24.45137   -16.86362   -0.20395
2464203.67968   -84877002.23180   -123678348.91921   707953.95157   24.55710   -16.71059   -0.20483
2464204.04505   -84100915.11670   -124202912.57448   701480.65580   24.66187   -16.55690   -0.20570
2464204.41041   -83321539.05488   -124722619.00757   694979.92712   24.76568   -16.40255   -0.20657
2464204.77578   -82538904.28092   -125237447.52810   688452.01772   24.86853   -16.24755   -0.20743
2464205.14114   -81753041.16039   -125747377.63186   681897.18087   24.97042   -16.09190   -0.20828
2464205.50651   -80963980.18874   -126252389.00163   675315.67094   25.07134   -15.93561   -0.20912
2464205.87187   -80171751.99017   -126752461.50805   668707.74336   25.17128   -15.77868   -0.20995
2464206.23724   -79376387.31651   -127247575.21040   662073.65464   25.27025   -15.62112   -0.21078
2464206.60260   -78577917.04604   -127737710.35747   655413.66231   25.36824   -15.46294   -0.21159
2464206.96797   -77776372.18241   -128222847.38832   648728.02500   25.46524   -15.30414   -0.21240
2464207.33333   -76971783.85345   -128702966.93314   642017.00232   25.56125   -15.14474   -0.21320
2464207.69870   -76164183.31003   -129178049.81401   635280.85494   25.65627   -14.98472   -0.21400
2464208.06406   -75353601.92491   -129648077.04572   628519.84454   25.75030   -14.82411   -0.21478
2464208.42943   -74540071.19156   -130113029.83653   621734.23381   25.84332   -14.66290   -0.21556
2464208.79479   -73723622.72299   -130572889.58900   614924.28642   25.93534   -14.50111   -0.21633
2464209.16016   -72904288.25060   -131027637.90071   608090.26705   26.02635   -14.33874   -0.21708
2464209.52553   -72082099.62298   -131477256.56504   601232.44134   26.11635   -14.17579   -0.21783
2464209.89089   -71257088.80473   -131921727.57197   594351.07591   26.20533   -14.01228   -0.21858
2464210.25626   -70429287.87527   -132361033.10876   587446.43834   26.29329   -13.84820   -0.21931
2464210.62162   -69598729.02766   -132795155.56079   580518.79713   26.38023   -13.68357   -0.22004
2464210.98699   -68765444.56738   -133224077.51220   573568.42175   26.46615   -13.51839   -0.22075
2464211.35235   -67929466.91112   -133647781.74672   566595.58259   26.55103   -13.35267   -0.22146
2464211.71772   -67090828.58561   -134066251.24829   559600.55094   26.63489   -13.18641   -0.22216
2464212.08308   -66249562.22636   -134479469.20189   552583.59903   26.71770   -13.01962   -0.22285
2464212.44845   -65405700.57648   -134887418.99417   545544.99995   26.79948   -12.85230   -0.22353
2464212.81381   -64559276.48543   -135290084.21418   538485.02771   26.88021   -12.68447   -0.22421
2464213.17918   -63710322.90778   -135687448.65407   531403.95717   26.95990   -12.51613   -0.22487
2464213.54454   -62858872.90202   -136079496.30980   524302.06407   27.03853   -12.34729   -0.22553
2464213.90991   -62004959.62929   -136466211.38177   517179.62501   27.11612   -12.17794   -0.22617
2464214.27528   -61148616.35214   -136847578.27555   510036.91744   27.19264   -12.00811   -0.22681
2464214.64064   -60289876.43328   -137223581.60251   502874.21962   27.26811   -11.83779   -0.22744
2464215.00601   -59428773.33434   -137594206.18053   495691.81065   27.34251   -11.66699   -0.22806
2464215.37137   -58565340.61462   -137959437.03457   488489.97046   27.41585   -11.49572   -0.22867
2464215.73674   -57699611.92979   -138319259.39740   481268.97977   27.48812   -11.32399   -0.22928
2464216.10210   -56831621.03067   -138673658.71021   474029.12008   27.55932   -11.15179   -0.22987
2464216.46747   -55961401.76193   -139022620.62321   466770.67369   27.62944   -10.97915   -0.23046
2464216.83283   -55088988.06084   -139366130.99631   459493.92368   27.69849   -10.80606   -0.23103
2464217.19820   -54214413.95594   -139704175.89970   452199.15387   27.76646   -10.63253   -0.23160
2464217.56356   -53337713.56584   -140036741.61445   444886.64884   27.83334   -10.45857   -0.23216
2464217.92893   -52458921.09784   -140363814.63315   437556.69392   27.89913   -10.28419   -0.23270
2464218.29429   -51578070.84671   -140685381.66046   430209.57515   27.96384   -10.10939   -0.23324
2464218.65966   -50695197.19337   -141001429.61375   422845.57931   28.02746   -9.93417   -0.23378
2464219.02503   -49810334.60356   -141311945.62361   415464.99387   28.08998   -9.75856   -0.23430
2464219.39039   -48923517.62659   -141616917.03448   408068.10700   28.15140   -9.58254   -0.23481
2464219.75576   -48034780.89399   -141916331.40518   400655.20757   28.21173   -9.40613   -0.23531
2464220.12112   -47144159.11821   -142210176.50947   393226.58510   28.27095   -9.22934   -0.23581
2464220.48649   -46251687.09131   -142498440.33663   385782.52980   28.32907   -9.05217   -0.23629
2464220.85185   -45357399.68363   -142781111.09194   378323.33253   28.38608   -8.87463   -0.23677
2464221.21722   -44461331.84247   -143058177.19726   370849.28476   28.44198   -8.69673   -0.23723
2464221.58258   -43563518.59077   -143329627.29153   363360.67863   28.49677   -8.51847   -0.23769
2464221.94795   -42663995.02574   -143595450.23129   355857.80687   28.55045   -8.33986   -0.23814
2464222.31331   -41762796.31760   -143855635.09121   348340.96286   28.60301   -8.16090   -0.23858
2464222.67868   -40859957.70815   -144110171.16455   340810.44052   28.65445   -7.98161   -0.23901
2464223.04404   -39955514.50950   -144359047.96368   333266.53440   28.70477   -7.80200   -0.23942
2464223.40941   -39049502.10268   -144602255.22055   325709.53961   28.75397   -7.62205   -0.23984
2464223.77477   -38141955.93630   -144839782.88719   318139.75183   28.80204   -7.44180   -0.24024
2464224.14014   -37232911.52522   -145071621.13615   310557.46727   28.84899   -7.26124   -0.24063
2464224.50551   -36322404.44915   -145297760.36096   302962.98272   28.89480   -7.08037   -0.24101
2464224.87087   -35410470.35132   -145518191.17659   295356.59546   28.93949   -6.89921   -0.24138
2464225.23624   -34497144.93711   -145732904.41992   287738.60332   28.98304   -6.71777   -0.24175
2464225.60160   -33582463.97266   -145941891.15012   280109.30462   29.02546   -6.53604   -0.24210
2464225.96697   -32666463.28354   -146145142.64910   272468.99817   29.06674   -6.35404   -0.24244
2464226.33233   -31749178.75335   -146342650.42197   264817.98328   29.10688   -6.17178   -0.24278
2464226.69770   -30830646.32233   -146534406.19738   257156.55972   29.14588   -5.98925   -0.24310
2464227.06306   -29910901.98602   -146720401.92796   249485.02774   29.18374   -5.80648   -0.24342
2464227.42843   -28989981.79382   -146900629.79072   241803.68801   29.22045   -5.62346   -0.24373
2464227.79379   -28067921.84767   -147075082.18742   234112.84166   29.25602   -5.44020   -0.24402
2464228.15916   -27144758.30060   -147243751.74493   226412.79025   29.29044   -5.25671   -0.24431
2464228.52452   -26220527.35536   -147406631.31565   218703.83573   29.32371   -5.07300   -0.24459
2464228.88989   -25295265.26305   -147563713.97781   210986.28048   29.35583   -4.88908   -0.24486
2464229.25526   -24369008.32167   -147714993.03586   203260.42725   29.38680   -4.70494   -0.24511
2464229.62062   -23441792.87475   -147860462.02080   195526.57918   29.41662   -4.52061   -0.24536
2464229.98599   -22513655.30997   -148000114.69051   187785.03979   29.44528   -4.33608   -0.24560
2464230.35135   -21584632.05769   -148133945.03008   180036.11292   29.47279   -4.15136   -0.24583
2464230.71672   -20654759.58959   -148261947.25213   172280.10280   29.49914   -3.96646   -0.24605
2464231.08208   -19724074.41724   -148384115.79713   164517.31397   29.52433   -3.78139   -0.24626
2464231.44745   -18792613.09069   -148500445.33365   156748.05128   29.54836   -3.59615   -0.24646
2464231.81281   -17860412.19705   -148610930.75870   148972.61990   29.57124   -3.41076   -0.24665
2464232.17818   -16927508.35906   -148715567.19802   141191.32531   29.59294   -3.22521   -0.24683
2464232.54354   -15993938.23370   -148814350.00629   133404.47325   29.61349   -3.03953   -0.24700
2464232.90891   -15059738.51071   -148907274.76748   125612.36976   29.63287   -2.85370   -0.24717
2464233.27427   -14124945.91124   -148994337.29501   117815.32112   29.65109   -2.66775   -0.24732
2464233.63964   -13189597.18634   -149075533.63210   110013.63387   29.66814   -2.48167   -0.24746
2464234.00501   -12253729.11557   -149150860.05192   102207.61479   29.68403   -2.29548   -0.24759
2464234.37037   -11317378.50560   -149220313.05787   94397.57088   29.69874   -2.10918   -0.24772
2464234.73574   -10380582.18868   -149283889.38379   86583.80936   29.71229   -1.92279   -0.24783
2464235.10110   -9443377.02130   -149341585.99416   78766.63764   29.72467   -1.73629   -0.24793
2464235.46647   -8505799.88270   -149393400.08431   70946.36332   29.73588   -1.54972   -0.24803
2464235.83183   -7567887.67342   -149439329.08062   63123.29421   29.74592   -1.36307   -0.24811
2464236.19720   -6629677.31390   -149479370.64070   55297.73824   29.75479   -1.17634   -0.24818
2464236.56256   -5691205.74299   -149513522.65357   47470.00352   29.76249   -0.98955   -0.24825
2464236.92793   -4752509.91653   -149541783.23981   39640.39830   29.76901   -0.80271   -0.24830
2464237.29329   -3813626.80589   -149564150.75174   31809.23096   29.77437   -0.61582   -0.24835
2464237.65866   -2874593.39652   -149580623.77356   23976.80998   29.77855   -0.42889   -0.24838
2464238.02402   -1935446.68650   -149591201.12148   16143.44397   29.78155   -0.24192   -0.24841
2464238.38939   -996223.68509   -149595881.84388   8309.44162   29.78338   -0.05493   -0.24842
2464238.75475   -56961.41127   -149594665.22138   475.11169   29.78404   0.13209   -0.24843
2464239.12012   882303.10771   -149587550.76702   -7359.23696   29.78353   0.31911   -0.24842
2464239.48549   1821532.83782   -149574538.22631   -15193.29543   29.78184   0.50614   -0.24841
2464239.85085   2760690.73964   -149555627.57733   -23026.75480   29.77897   0.69317   -0.24838
2464240.21622   3699739.76991   -149530819.03087   -30859.30607   29.77493   0.88018   -0.24835
2464240.58158   4638642.88290   -149500113.03041   -38690.64025   29.76972   1.06718   -0.24831
2464240.94695   5577363.03196   -149463510.25229   -46520.44834   29.76333   1.25415   -0.24825
2464241.31231   6515863.17091   -149421011.60568   -54348.42134   29.75576   1.44109   -0.24819
2464241.67768   7454106.25555   -149372618.23270   -62174.25027   29.74703   1.62799   -0.24812
2464242.04304   8392055.24513   -149318331.50839   -69997.62617   29.73711   1.81484   -0.24804
2464242.40841   9329673.10377   -149258153.04081   -77818.24012   29.72603   2.00164   -0.24794
2464242.77377   10266922.80197   -149192084.67102   -85635.78327   29.71376   2.18838   -0.24784
2464243.13914   11203767.31809   -149120128.47307   -93449.94683   29.70033   2.37504   -0.24773
2464243.50450   12140169.63977   -149042286.75408   -101260.42206   29.68572   2.56163   -0.24761
2464243.86987   13076092.76543   -148958562.05414   -109066.90035   29.66994   2.74814   -0.24748
2464244.23524   14011499.70574   -148868957.14635   -116869.07317   29.65298   2.93455   -0.24733
2464244.60060   14946353.48510   -148773475.03681   -124666.63210   29.63486   3.12087   -0.24718
2464244.96597   15880617.14309   -148672118.96451   -132459.26887   29.61556   3.30707   -0.24702
2464245.33133   16814253.73595   -148564892.40136   -140246.67533   29.59509   3.49317   -0.24685
2464245.69670   17747226.33806   -148451799.05211   -148028.54348   29.57345   3.67914   -0.24667
2464246.06206   18679498.04343   -148332842.85427   -155804.56549   29.55064   3.86499   -0.24648
2464246.42743   19611031.96710   -148208027.97807   -163574.43372   29.52666   4.05070   -0.24628
2464246.79279   20541791.24673   -148077358.82635   -171337.84068   29.50151   4.23626   -0.24607
2464247.15816   21471739.04396   -147940840.03447   -179094.47911   29.47520   4.42168   -0.24585
2464247.52352   22400838.54595   -147798476.47023   -186844.04197   29.44771   4.60693   -0.24562
2464247.88889   23329052.96684   -147650273.23376   -194586.22242   29.41906   4.79203   -0.24538
2464248.25425   24256345.54922   -147496235.65737   -202320.71387   29.38925   4.97694   -0.24513
2464248.61962   25182679.56561   -147336369.30544   -210047.20997   29.35827   5.16168   -0.24488
2464248.98498   26108018.31990   -147170679.97429   -217765.40466   29.32613   5.34623   -0.24461
2464249.35035   27032325.14889   -146999173.69203   -225474.99212   29.29283   5.53059   -0.24433
2464249.71572   27955563.42369   -146821856.71837   -233175.66683   29.25836   5.71474   -0.24404
2464250.08108   28877696.55126   -146638735.54450   -240867.12358   29.22274   5.89869   -0.24375
2464250.44645   29798687.97582   -146449816.89289   -248549.05745   29.18596   6.08242   -0.24344
2464250.81181   30718501.18036   -146255107.71711   -256221.16386   29.14802   6.26592   -0.24312
2464251.17718   31637099.68811   -146054615.20161   -263883.13856   29.10892   6.44919   -0.24280
2464251.54254   32554447.06400   -145848346.76155   -271534.67764   29.06867   6.63223   -0.24246
2464251.90791   33470506.91612   -145636310.04259   -279175.47757   29.02727   6.81501   -0.24211
2464252.27327   34385242.89722   -145418512.92062   -286805.23516   28.98471   6.99755   -0.24176
2464252.63864   35298618.70615   -145194963.50157   -294423.64764   28.94101   7.17982   -0.24140
2464253.00400   36210598.08934   -144965670.12114   -302030.41262   28.89615   7.36183   -0.24102
2464253.36937   37121144.84227   -144730641.34458   -309625.22812   28.85015   7.54356   -0.24064
2464253.73473   38030222.81093   -144489885.96639   -317207.79257   28.80300   7.72500   -0.24024
2464254.10010   38937795.89327   -144243413.01006   -324777.80486   28.75471   7.90616   -0.23984
2464254.46547   39843828.04070   -143991231.72783   -332334.96431   28.70528   8.08702   -0.23943
2464254.83083   40748283.25953   -143733351.60033   -339878.97068   28.65470   8.26758   -0.23901
2464255.19620   41651125.61243   -143469782.33632   -347409.52425   28.60299   8.44782   -0.23858
2464255.56156   42552319.21987   -143200533.87240   -354926.32572   28.55014   8.62775   -0.23814
2464255.92693   43451828.26165   -142925616.37264   -362429.07633   28.49616   8.80735   -0.23768
2464256.29229   44349616.97827   -142645040.22828   -369917.47782   28.44104   8.98662   -0.23723
2464256.65766   45245649.67244   -142358816.05742   -377391.23243   28.38479   9.16554   -0.23676
2464257.02302   46139890.71052   -142066954.70461   -384850.04294   28.32741   9.34412   -0.23628
2464257.38839   47032304.52397   -141769467.24053   -392293.61268   28.26891   9.52235   -0.23579
2464257.75375   47922855.61080   -141466364.96163   -399721.64554   28.20928   9.70021   -0.23529
2464258.11912   48811508.53702   -141157659.38974   -407133.84595   28.14853   9.87771   -0.23479
2464258.48448   49698227.93811   -140843362.27168   -414529.91894   28.08666   10.05482   -0.23427
2464258.84985   50582978.52041   -140523485.57888   -421909.57013   28.02367   10.23156   -0.23374
2464259.21522   51465725.06264   -140198041.50698   -429272.50575   27.95956   10.40790   -0.23321
2464259.58058   52346432.41726   -139867042.47537   -436618.43263   27.89434   10.58385   -0.23267
2464259.94595   53225065.51199   -139530501.12683   -443947.05823   27.82802   10.75939   -0.23211
2464260.31131   54101589.35117   -139188430.32706   -451258.09065   27.76058   10.93453   -0.23155
2464260.67668   54975969.01725   -138840843.16423   -458551.23866   27.69203   11.10924   -0.23098
2464261.04204   55848169.67222   -138487752.94856   -465826.21167   27.62239   11.28353   -0.23040
2464261.40741   56718156.55900   -138129173.21183   -473082.71977   27.55164   11.45738   -0.22981
2464261.77277   57585895.00292   -137765117.70694   -480320.47375   27.47979   11.63079   -0.22921
2464262.13814   58451350.41310   -137395600.40739   -487539.18507   27.40685   11.80376   -0.22860
2464262.50350   59314488.28389   -137020635.50681   -494738.56595   27.33281   11.97628   -0.22798
2464262.86887   60175274.19633   -136640237.41847   -501918.32928   27.25769   12.14833   -0.22735
2464263.23423   61033673.81950   -136254420.77476   -509078.18871   27.18148   12.31992   -0.22672
2464263.59960   61889652.91198   -135863200.42667   -516217.85865   27.10418   12.49103   -0.22607
2464263.96496   62743177.32325   -135466591.44329   -523337.05423   27.02580   12.66166   -0.22542
2464264.33033   63594212.99510   -135064609.11121   -530435.49140   26.94635   12.83181   -0.22476
2464264.69570   64442725.96304   -134657268.93405   -537512.88684   26.86581   13.00145   -0.22409
2464265.06106   65288682.35769   -134244586.63186   -544568.95805   26.78421   13.17060   -0.22341
2464265.42643   66132048.40621   -133826578.14054   -551603.42335   26.70154   13.33924   -0.22272
2464265.79179   66972790.43368   -133403259.61132   -558616.00185   26.61780   13.50736   -0.22202
2464266.15716   67810874.86447   -132974647.41014   -565606.41349   26.53299   13.67496   -0.22131
2464266.52252   68646268.22369   -132540758.11705   -572574.37906   26.44713   13.84203   -0.22059
2464266.88789   69478937.13851   -132101608.52564   -579519.62021   26.36021   14.00856   -0.21987
2464267.25325   70308848.33961   -131657215.64238   -586441.85944   26.27224   14.17456   -0.21914
2464267.61862   71135968.66252   -131207596.68607   -593340.82012   26.18321   14.34000   -0.21839
2464267.98398   71960265.04899   -130752769.08713   -600216.22652   26.09315   14.50489   -0.21764
2464268.34935   72781704.54840   -130292750.48704   -607067.80379   26.00203   14.66921   -0.21688
2464268.71471   73600254.31912   -129827558.73761   -613895.27801   25.90988   14.83296   -0.21611
2464269.08008   74415881.62985   -129357211.90039   -620698.37617   25.81669   14.99614   -0.21534
2464269.44545   75228553.86101   -128881728.24597   -627476.82619   25.72247   15.15874   -0.21455
2464269.81081   76038238.50610   -128401126.25332   -634230.35693   25.62722   15.32074   -0.21376
2464270.17618   76844903.17303   -127915424.60909   -640958.69822   25.53095   15.48215   -0.21295
2464270.54154   77648515.58551   -127424642.20692   -647661.58084   25.43365   15.64296   -0.21214
2464270.90691   78449043.58437   -126928798.14674   -654338.73655   25.33533   15.80316   -0.21132
2464271.27227   79246455.12889   -126427911.73407   -660989.89810   25.23601   15.96274   -0.21049
2464271.63764   80040718.29818   -125922002.47926   -667614.79925   25.13567   16.12171   -0.20966
2464272.00300   80831801.29249   -125411090.09681   -674213.17475   25.03432   16.28004   -0.20881
2464272.36837   81619672.43455   -124895194.50459   -680784.76038   24.93197   16.43774   -0.20796
2464272.73373   82404300.17088   -124374335.82312   -687329.29296   24.82863   16.59480   -0.20709
2464273.09910   83185653.07311   -123848534.37479   -693846.51035   24.72428   16.75121   -0.20622
2464273.46446   83963699.83935   -123317810.68310   -700336.15145   24.61895   16.90696   -0.20535
2464273.82983   84738409.29543   -122782185.47192   -706797.95626   24.51263   17.06206   -0.20446
2464274.19520   85509750.39624   -122241679.66463   -713231.66581   24.40533   17.21649   -0.20356
2464274.56056   86277692.22707   -121696314.38339   -719637.02226   24.29705   17.37024   -0.20266
2464274.92593   87042204.00484   -121146110.94833   -726013.76885   24.18780   17.52332   -0.20175
2464275.29129   87803255.07944   -120591090.87672   -732361.64992   24.07758   17.67571   -0.20083
2464275.65666   88560814.93501   -120031275.88216   -738680.41094   23.96639   17.82741   -0.19990
2464276.02202   89314853.19121   -119466687.87375   -744969.79851   23.85424   17.97841   -0.19897
2464276.38739   90065339.60454   -118897348.95526   -751229.56038   23.74114   18.12871   -0.19802
2464276.75275   90812244.06956   -118323281.42426   -757459.44543   23.62708   18.27830   -0.19707
2464277.11812   91555536.62018   -117744507.77130   -763659.20372   23.51207   18.42717   -0.19611
2464277.48348   92295187.43096   -117161050.67905   -769828.58648   23.39612   18.57532   -0.19515
2464277.84885   93031166.81831   -116572933.02136   -775967.34612   23.27923   18.72274   -0.19417
2464278.21421   93763445.24179   -115980177.86248   -782075.23624   23.16141   18.86942   -0.19319
2464278.57958   94491993.30533   -115382808.45609   -788152.01166   23.04265   19.01537   -0.19220
2464278.94494   95216781.75848   -114780848.24444   -794197.42839   22.92297   19.16057   -0.19120
2464279.31031   95937781.49766   -114174320.85745   -800211.24369   22.80238   19.30502   -0.19019
2464279.67568   96654963.56737   -113563250.11176   -806193.21603   22.68086   19.44871   -0.18918
2464280.04104   97368299.16144   -112947660.00986   -812143.10516   22.55843   19.59163   -0.18816
2464280.40641   98077759.62423   -112327574.73909   -818060.67205   22.43510   19.73379   -0.18713
2464280.77177   98783316.45185   -111703018.67078   -823945.67895   22.31087   19.87517   -0.18609
2464281.13714   99484941.29339   -111074016.35925   -829797.88940   22.18574   20.01577   -0.18505
2464281.50250   100182605.95208   -110440592.54084   -835617.06820   22.05972   20.15558   -0.18400
2464281.86787   100876282.38653   -109802772.13302   -841402.98146   21.93281   20.29460   -0.18294
2464282.23323   101565942.71189   -109160580.23332   -847155.39660   21.80502   20.43281   -0.18187
2464282.59860   102251559.20106   -108514042.11843   -852874.08235   21.67635   20.57023   -0.18080
2464282.96396   102933104.28585   -107863183.24318   -858558.80875   21.54681   20.70683   -0.17972
2464283.32933   103610550.55817   -107208029.23952   -864209.34721   21.41641   20.84262   -0.17863
2464283.69469   104283870.77117   -106548605.91556   -869825.47046   21.28514   20.97759   -0.17754
2464284.06006   104953037.84042   -105884939.25453   -875406.95259   21.15302   21.11173   -0.17644
2464284.42543   105618024.84507   -105217055.41374   -880953.56905   21.02004   21.24504   -0.17533
2464284.79079   106278805.02900   -104544980.72361   -886465.09667   20.88622   21.37751   -0.17421
2464285.15616   106935351.80191   -103868741.68658   -891941.31367   20.75156   21.50914   -0.17309
2464285.52152   107587638.74054   -103188364.97608   -897381.99965   20.61607   21.63992   -0.17196
2464285.88689   108235639.58971   -102503877.43548   -902786.93561   20.47974   21.76985   -0.17082
2464286.25225   108879328.26353   -101815306.07703   -908155.90398   20.34259   21.89892   -0.16968
2464286.61762   109518678.84642   -101122678.08079   -913488.68859   20.20462   22.02712   -0.16853
2464286.98298   110153665.59430   -100426020.79357   -918785.07472   20.06584   22.15445   -0.16737
2464287.34835   110784262.93564   -99725361.72782   -924044.84908   19.92625   22.28091   -0.16620
2464287.71371   111410445.47259   -99020728.56053   -929267.79981   19.78585   22.40649   -0.16503
2464288.07908   112032187.98202   -98312149.13218   -934453.71655   19.64466   22.53118   -0.16385
2464288.44444   112649465.41666   -97599651.44560   -939602.39037   19.50268   22.65498   -0.16267
2464288.80981   113262252.90612   -96883263.66485   -944713.61382   19.35991   22.77789   -0.16148
2464289.17518   113870525.75799   -96163014.11411   -949787.18096   19.21637   22.89989   -0.16028
2464289.54054   114474259.45888   -95438931.27657   -954822.88731   19.07204   23.02099   -0.15908
2464289.90591   115073429.67550   -94711043.79324   -959820.52992   18.92695   23.14118   -0.15787
2464290.27127   115668012.25566   -93979380.46188   -964779.90732   18.78110   23.26045   -0.15665
2464290.63664   116257983.22933   -93243970.23577   -969700.81960   18.63449   23.37880   -0.15543
2464291.00200   116843318.80970   -92504842.22264   -974583.06833   18.48713   23.49623   -0.15420
2464291.36737   117423995.39414   -91762025.68342   -979426.45667   18.33902   23.61273   -0.15296
2464291.73273   117999989.56528   -91015550.03111   -984230.78928   18.19017   23.72829   -0.15172
2464292.09810   118571278.09196   -90265444.82961   -988995.87239   18.04059   23.84291   -0.15048
2464292.46346   119137837.93028   -89511739.79252   -993721.51380   17.89028   23.95659   -0.14922
2464292.82883   119699646.22454   -88754464.78194   -998407.52286   17.73925   24.06932   -0.14796
2464293.19419   120256680.30828   -87993649.80726   -1003053.71053   17.58750   24.18109   -0.14670
2464293.55956   120808917.70521   -87229325.02400   -1007659.88932   17.43505   24.29191   -0.14542
2464293.92492   121356336.13021   -86461520.73255   -1012225.87335   17.28189   24.40176   -0.14415
2464294.29029   121898913.49029   -85690267.37696   -1016751.47836   17.12803   24.51065   -0.14286
2464294.65566   122436627.88550   -84915595.54373   -1021236.52167   16.97348   24.61856   -0.14157
2464295.02102   122969457.60994   -84137535.96056   -1025680.82223   16.81825   24.72549   -0.14028
2464295.38639   123497381.15266   -83356119.49511   -1030084.20063   16.66233   24.83145   -0.13898
2464295.75175   124020377.19857   -82571377.15375   -1034446.47908   16.50575   24.93642   -0.13767
2464296.11712   124538424.62942   -81783340.08032   -1038767.48142   16.34849   25.04040   -0.13636
2464296.48248   125051502.52466   -80992039.55487   -1043047.03317   16.19058   25.14339   -0.13504
2464296.84785   125559590.16237   -80197506.99237   -1047284.96148   16.03202   25.24537   -0.13372
2464297.21321   126062667.02014   -79399773.94146   -1051481.09518   15.87280   25.34636   -0.13239
2464297.57858   126560712.77598   -78598872.08316   -1055635.26477   15.71295   25.44634   -0.13106
2464297.94394   127053707.30918   -77794833.22959   -1059747.30241   15.55246   25.54530   -0.12972
2464298.30931   127541630.70121   -76987689.32269   -1063817.04196   15.39134   25.64326   -0.12838
2464298.67467   128024463.23652   -76177472.43288   -1067844.31899   15.22960   25.74019   -0.12703
2464299.04004   128502185.40349   -75364214.75781   -1071828.97075   15.06724   25.83610   -0.12567
2464299.40541   128974777.89517   -74547948.62102   -1075770.83619   14.90428   25.93099   -0.12432
2464299.77077   129442221.61022   -73728706.47063   -1079669.75600   14.74071   26.02484   -0.12295
2464300.13614   129904497.65365   -72906520.87800   -1083525.57257   14.57655   26.11766   -0.12158
2464300.50150   130361587.33771   -72081424.53645   -1087338.13003   14.41179   26.20944   -0.12021
2464300.86687   130813472.18264   -71253450.25989   -1091107.27424   14.24646   26.30017   -0.11883
2464301.23223   131260133.91754   -70422630.98147   -1094832.85280   14.08055   26.38986   -0.11744
2464301.59760   131701554.48108   -69588999.75227   -1098514.71507   13.91407   26.47851   -0.11606
2464301.96296   132137716.02239   -68752589.73995   -1102152.71216   13.74702   26.56609   -0.11466
2464302.32833   132568600.90172   -67913434.22734   -1105746.69693   13.57942   26.65262   -0.11327
2464302.69369   132994191.69130   -67071566.61116   -1109296.52401   13.41128   26.73809   -0.11186
2464303.05906   133414471.17607   -66227020.40058   -1112802.04982   13.24258   26.82250   -0.11046
2464303.42442   133829422.35439   -65379829.21589   -1116263.13255   13.07336   26.90584   -0.10904
2464303.78979   134239028.43884   -64530026.78712   -1119679.63217   12.90360   26.98810   -0.10763
2464304.15516   134643272.85692   -63677646.95265   -1123051.41046   12.73332   27.06929   -0.10621
2464304.52052   135042139.25175   -62822723.65780   -1126378.33098   12.56253   27.14941   -0.10478
2464304.88589   135435611.48285   -61965290.95350   -1129660.25910   12.39123   27.22844   -0.10335
2464305.25125   135823673.62677   -61105382.99481   -1132897.06202   12.21943   27.30639   -0.10192
2464305.61662   136206309.97782   -60243034.03959   -1136088.60872   12.04713   27.38324   -0.10048
2464305.98198   136583505.04876   -59378278.44705   -1139234.77004   11.87434   27.45901   -0.09904
2464306.34735   136955243.57147   -58511150.67637   -1142335.41861   11.70108   27.53369   -0.09760
2464306.71271   137321510.49759   -57641685.28522   -1145390.42893   11.52734   27.60726   -0.09615
2464307.07808   137682290.99922   -56769916.92844   -1148399.67731   11.35313   27.67974   -0.09470
2464307.44344   138037570.46954   -55895880.35650   -1151363.04193   11.17847   27.75111   -0.09324
2464307.80881   138387334.52345   -55019610.41417   -1154280.40279   11.00335   27.82138   -0.09178
2464308.17417   138731568.99821   -54141142.03901   -1157151.64176   10.82778   27.89054   -0.09031
2464308.53954   139070259.95403   -53260510.25997   -1159976.64257   10.65178   27.95858   -0.08885
2464308.90490   139403393.67474   -52377750.19593   -1162755.29083   10.47535   28.02551   -0.08737
2464309.27027   139730956.66831   -51492897.05426   -1165487.47398   10.29849   28.09132   -0.08590
2464309.63564   140052935.66749   -50605986.12937   -1168173.08138   10.12121   28.15601   -0.08442
2464310.00100   140369317.63041   -49717052.80124   -1170812.00423   9.94353   28.21958   -0.08294
2464310.36637   140680089.74107   -48826132.53397   -1173404.13564   9.76544   28.28202   -0.08145
2464310.73173   140985239.40999   -47933260.87429   -1175949.37061   9.58696   28.34334   -0.07996
2464311.09710   141284754.27470   -47038473.45015   -1178447.60601   9.40809   28.40352   -0.07847
2464311.46246   141578622.20032   -46141805.96917   -1180898.74064   9.22883   28.46257   -0.07698
2464311.82783   141866831.28006   -45243294.21723   -1183302.67518   9.04921   28.52048   -0.07548
2464312.19319   142149369.83577   -44342974.05694   -1185659.31221   8.86921   28.57726   -0.07398
2464312.55856   142426226.41841   -43440881.42620   -1187968.55625   8.68886   28.63289   -0.07247
2464312.92392   142697389.80862   -42537052.33667   -1190230.31372   8.50815   28.68738   -0.07097
2464313.28929   142962849.01713   -41631522.87230   -1192444.49295   8.32710   28.74073   -0.06946
2464313.65465   143222593.28530   -40724329.18783   -1194611.00421   8.14572   28.79293   -0.06794
2464314.02002   143476612.08559   -39815507.50733   -1196729.75969   7.96400   28.84397   -0.06643
2464314.38539   143724895.12196   -38905094.12260   -1198800.67351   7.78196   28.89387   -0.06491
2464314.75075   143967432.33042   -37993125.39179   -1200823.66172   7.59960   28.94261   -0.06339
2464315.11612   144204213.87938   -37079637.73779   -1202798.64233   7.41694   28.99020   -0.06186
2464315.48148   144435230.17014   -36164667.64677   -1204725.53526   7.23397   29.03663   -0.06034
2464315.84685   144660471.83727   -35248251.66667   -1206604.26241   7.05071   29.08190   -0.05881
2464316.21221   144879929.74905   -34330426.40564   -1208434.74760   6.86717   29.12600   -0.05728
2464316.57758   145093595.00789   -33411228.53056   -1210216.91663   6.68335   29.16895   -0.05575
2464316.94294   145301458.95064   -32490694.76551   -1211950.69723   6.49925   29.21073   -0.05421
2464317.30831   145503513.14907   -31568861.89025   -1213636.01910   6.31490   29.25134   -0.05267
2464317.67367   145699749.41016   -30645766.73864   -1215272.81390   6.13028   29.29078   -0.05113
2464318.03904   145890159.77652   -29721446.19718   -1216861.01527   5.94542   29.32905   -0.04959
2464318.40440   146074736.52669   -28795937.20345   -1218400.55881   5.76032   29.36615   -0.04805
2464318.76977   146253472.17551   -27869276.74454   -1219891.38206   5.57498   29.40208   -0.04650
2464319.13514   146426359.47445   -26941501.85558   -1221333.42458   5.38942   29.43683   -0.04495
2464319.50050   146593391.41190   -26012649.61814   -1222726.62789   5.20364   29.47040   -0.04340
2464319.86587   146754561.21352   -25082757.15869   -1224070.93548   5.01765   29.50280   -0.04185
2464320.23123   146909862.34249   -24151861.64711   -1225366.29282   4.83145   29.53401   -0.04030
2464320.59660   147059288.49984   -23220000.29507   -1226612.64738   4.64506   29.56405   -0.03874
2464320.96196   147202833.62470   -22287210.35454   -1227809.94860   4.45848   29.59290   -0.03719
2464321.32733   147340491.89459   -21353529.11621   -1228958.14791   4.27172   29.62057   -0.03563
2464321.69269   147472257.72563   -20418993.90793   -1230057.19876   4.08479   29.64706   -0.03407
2464322.05806   147598125.77285   -19483642.09318   -1231107.05654   3.89769   29.67236   -0.03251
2464322.42342   147718090.93039   -18547511.06949   -1232107.67868   3.71043   29.69648   -0.03095
2464322.78879   147832148.33169   -17610638.26690   -1233059.02458   3.52302   29.71941   -0.02939
2464323.15415   147940293.34979   -16673061.14638   -1233961.05564   3.33547   29.74115   -0.02782
2464323.51952   148042521.59745   -15734817.19830   -1234813.73528   3.14778   29.76170   -0.02626
2464323.88488   148138828.92739   -14795943.94082   -1235617.02891   2.95997   29.78106   -0.02469
2464324.25025   148229211.43246   -13856478.91839   -1236370.90393   2.77203   29.79923   -0.02312
2464324.61562   148313665.44582   -12916459.70011   -1237075.32976   2.58399   29.81620   -0.02155
2464324.98098   148392187.54107   -11975923.87824   -1237730.27781   2.39584   29.83199   -0.01998
2464325.34635   148464774.53244   -11034909.06655   -1238335.72152   2.20759   29.84658   -0.01841
2464325.71171   148531423.47491   -10093452.89884   -1238891.63633   2.01925   29.85998   -0.01684
2464326.07708   148592131.66435   -9151593.02730   -1239397.99967   1.83083   29.87218   -0.01527
2464326.44244   148646896.63763   -8209367.12095   -1239854.79101   1.64233   29.88319   -0.01370
2464326.80781   148695716.17272   -7266812.86413   -1240261.99180   1.45377   29.89301   -0.01213
2464327.17317   148738588.28882   -6323967.95484   -1240619.58554   1.26515   29.90163   -0.01055
2464327.53854   148775511.24641   -5380870.10323   -1240927.55770   1.07648   29.90905   -0.00898
2464327.90390   148806483.54734   -4437557.02999   -1241185.89579   0.88776   29.91527   -0.00740
2464328.26927   148831503.93491   -3494066.46481   -1241394.58933   0.69901   29.92030   -0.00583
2464328.63463   148850571.39391   -2550436.14476   -1241553.62985   0.51023   29.92414   -0.00426
2464329.00000   148863685.15067   -1606703.81277   -1241663.01091   0.32143   29.92677   -0.00268
