# 80 rows of flux data
# 12 columns of flux data
# 
# total cross-sectional flux  4.811703e+00 /m^2/yr
#
#                             +x ram      -x wake      +y port -y starboard    +z zenith     -z nadir        Earth          Sun     anti-Sun      rot (x)      rot (y)      rot (z) 
# average speed (km/s)         27.41        15.55        27.16        27.14        18.87        24.00        27.83        27.16        27.14        26.20        24.98        26.81 
# total flux (#/m2/yr)  1.356212e+00 1.041183e-01 1.828060e+00 1.808139e+00 6.207811e-03 2.123273e+00 1.536759e+00 1.830660e+00 1.805531e+00 4.475547e+00 2.804539e+00 4.064928e+00 
# velocity (km/s)
     0.5                0.000000e+00 0.000000e+00 0.000000e+00 0.000000e+00 0.000000e+00 0.000000e+00 0.000000e+00 0.000000e+00 0.000000e+00 0.000000e+00 0.000000e+00 0.000000e+00 
     1.5                0.000000e+00 0.000000e+00 0.000000e+00 0.000000e+00 0.000000e+00 0.000000e+00 0.000000e+00 0.000000e+00 0.000000e+00 0.000000e+00 0.000000e+00 0.000000e+00 
     2.5                0.000000e+00 0.000000e+00 0.000000e+00 0.000000e+00 0.000000e+00 0.000000e+00 0.000000e+00 0.000000e+00 0.000000e+00 0.000000e+00 0.000000e+00 0.000000e+00 
     3.5                4.001830e-05 9.583765e-06 1.110146e-05 1.039758e-05 0.000000e+00 2.288357e-05 1.888226e-05 1.116473e-05 1.033424e-05 3.198178e-05 5.462639e-05 5.468368e-05 
     4.5                1.882242e-04 1.571967e-05 8.946960e-05 8.725558e-05 3.315063e-05 3.557160e-05 1.294139e-04 8.982811e-05 8.689646e-05 1.961392e-04 2.218758e-04 2.771229e-04 
     5.5                4.884160e-04 9.995725e-05 1.933992e-04 2.300352e-04 6.246653e-05 2.809364e-04 2.673087e-04 1.940554e-04 2.290751e-04 5.966839e-04 7.063975e-04 7.606775e-04 
     6.5                1.611612e-03 3.064798e-04 6.948445e-04 6.747956e-04 5.196689e-05 1.050462e-03 9.455980e-04 6.976739e-04 6.721957e-04 1.918803e-03 2.338708e-03 2.506321e-03 
     7.5                3.267094e-03 1.080876e-03 1.440254e-03 1.420389e-03 1.517499e-04 3.123835e-03 1.796492e-03 1.444998e-03 1.416039e-03 4.846720e-03 5.796514e-03 5.664814e-03 
     8.5                5.255071e-03 2.274240e-03 2.842357e-03 2.817172e-03 1.949143e-04 5.772751e-03 3.017197e-03 2.848562e-03 2.810976e-03 8.984421e-03 1.020236e-02 1.024226e-02 
     9.5                6.776580e-03 4.134665e-03 4.885797e-03 4.885858e-03 3.443410e-04 9.624714e-03 4.302828e-03 4.891312e-03 4.880381e-03 1.513385e-02 1.560913e-02 1.586745e-02 
    10.5                1.077361e-02 5.120141e-03 7.524986e-03 7.472674e-03 3.179500e-04 1.578009e-02 6.650535e-03 7.536613e-03 7.460781e-03 2.394374e-02 2.382965e-02 2.375399e-02 
    11.5                1.345320e-02 6.429544e-03 1.032570e-02 1.018835e-02 2.915090e-04 2.295827e-02 8.541394e-03 1.034080e-02 1.017423e-02 3.362645e-02 3.216417e-02 3.105440e-02 
    12.5                1.796141e-02 7.497835e-03 1.472194e-02 1.459011e-02 2.902197e-04 3.325996e-02 1.193959e-02 1.474431e-02 1.456895e-02 4.822001e-02 4.429218e-02 4.224331e-02 
    13.5                2.134654e-02 8.901285e-03 1.990303e-02 1.986343e-02 3.110329e-04 4.417388e-02 1.523375e-02 1.992809e-02 1.983672e-02 6.435017e-02 5.651784e-02 5.425204e-02 
    14.5                2.564910e-02 9.600634e-03 2.529929e-02 2.488798e-02 2.396575e-04 5.349692e-02 1.952892e-02 2.533295e-02 2.485487e-02 7.897466e-02 6.797510e-02 6.655059e-02 
    15.5                3.089372e-02 9.980122e-03 3.172916e-02 3.141136e-02 2.690040e-04 6.739758e-02 2.425158e-02 3.177223e-02 3.136743e-02 9.961916e-02 8.357120e-02 8.172322e-02 
    16.5                3.574218e-02 1.008635e-02 3.884852e-02 3.846361e-02 3.103081e-04 8.052270e-02 2.955481e-02 3.890163e-02 3.840999e-02 1.203139e-01 9.834949e-02 9.757362e-02 
    17.5                3.859482e-02 9.438164e-03 4.552634e-02 4.506517e-02 2.484075e-04 8.806090e-02 3.446663e-02 4.558738e-02 4.500492e-02 1.353395e-01 1.067238e-01 1.107490e-01 
    18.5                3.812584e-02 8.973250e-03 5.239170e-02 5.179111e-02 2.435857e-04 9.654587e-02 3.875034e-02 5.245181e-02 5.172995e-02 1.517882e-01 1.147529e-01 1.223775e-01 
    19.5                4.126175e-02 7.457365e-03 6.004144e-02 5.975348e-02 2.653327e-04 1.048981e-01 4.472208e-02 6.011149e-02 5.968290e-02 1.697440e-01 1.236271e-01 1.380217e-01 
    20.5                4.324022e-02 5.754923e-03 6.543866e-02 6.482034e-02 2.250137e-04 1.124289e-01 4.924363e-02 6.551618e-02 6.474191e-02 1.840691e-01 1.311493e-01 1.491303e-01 
    21.5                4.421091e-02 3.970599e-03 7.346194e-02 7.270308e-02 2.368555e-04 1.168803e-01 5.496851e-02 7.354507e-02 7.261880e-02 1.987658e-01 1.353826e-01 1.625545e-01 
    22.5                4.375647e-02 2.147022e-03 7.882254e-02 7.838616e-02 2.552421e-04 1.173589e-01 5.906678e-02 7.890827e-02 7.829879e-02 2.074864e-01 1.350589e-01 1.711787e-01 
    23.5                4.599926e-02 7.442847e-04 8.469542e-02 8.382531e-02 2.271264e-04 1.188920e-01 6.437763e-02 8.478929e-02 8.373092e-02 2.174948e-01 1.369212e-01 1.819054e-01 
    24.5                4.713945e-02 9.407823e-05 8.806916e-02 8.712613e-02 2.043607e-04 1.154668e-01 6.763263e-02 8.816671e-02 8.702797e-02 2.205057e-01 1.331424e-01 1.869440e-01 
    25.5                5.005035e-02 1.228020e-06 9.043879e-02 8.972690e-02 1.952712e-04 1.116285e-01 7.070737e-02 9.054206e-02 8.962196e-02 2.219198e-01 1.300073e-01 1.918021e-01 
    26.5                5.278724e-02 0.000000e+00 9.224901e-02 9.161318e-02 1.709422e-04 1.063400e-01 7.338718e-02 9.235803e-02 9.150261e-02 2.215268e-01 1.257347e-01 1.948933e-01 
    27.5                5.601044e-02 0.000000e+00 9.352345e-02 9.274856e-02 1.714137e-04 1.002302e-01 7.607873e-02 9.363948e-02 9.263158e-02 2.196324e-01 1.213700e-01 1.975501e-01 
    28.5                5.691919e-02 0.000000e+00 9.198127e-02 9.085355e-02 1.510989e-04 9.169762e-02 7.615247e-02 9.209929e-02 9.073479e-02 2.115466e-01 1.137242e-01 1.937333e-01 
    29.5                6.000206e-02 0.000000e+00 9.169343e-02 9.077345e-02 1.325315e-04 8.555735e-02 7.762515e-02 9.181801e-02 9.064842e-02 2.078574e-01 1.099500e-01 1.939153e-01 
    30.5                6.005636e-02 0.000000e+00 8.765664e-02 8.702086e-02 1.086579e-04 7.729352e-02 7.551229e-02 8.778087e-02 8.689526e-02 1.964115e-01 1.026862e-01 1.861213e-01 
    31.5                6.007114e-02 0.000000e+00 8.380693e-02 8.283006e-02 1.095516e-04 6.799472e-02 7.373647e-02 8.393169e-02 8.270493e-02 1.843903e-01 9.495461e-02 1.781776e-01 
    32.5                5.919163e-02 0.000000e+00 7.861387e-02 7.767903e-02 8.576299e-05 5.909349e-02 7.060144e-02 7.873679e-02 7.755571e-02 1.708003e-01 8.734719e-02 1.679265e-01 
    33.5                5.797502e-02 0.000000e+00 7.265350e-02 7.189499e-02 7.196760e-05 5.004183e-02 6.677129e-02 7.277392e-02 7.177423e-02 1.557932e-01 7.977406e-02 1.563910e-01 
    34.5                5.507643e-02 0.000000e+00 6.582019e-02 6.490746e-02 6.327532e-05 4.206343e-02 6.167599e-02 6.593479e-02 6.479294e-02 1.396095e-01 7.200149e-02 1.423372e-01 
    35.5                5.074209e-02 0.000000e+00 5.783467e-02 5.700215e-02 4.840144e-05 3.400294e-02 5.525736e-02 5.794034e-02 5.689673e-02 1.214449e-01 6.321523e-02 1.258943e-01 
    36.5                4.586811e-02 0.000000e+00 4.983545e-02 4.908554e-02 3.938129e-05 2.671073e-02 4.857629e-02 4.993105e-02 4.899032e-02 1.036831e-01 5.469189e-02 1.092838e-01 
    37.5                4.110097e-02 0.000000e+00 4.267825e-02 4.199862e-02 2.818218e-05 2.048066e-02 4.244350e-02 4.276395e-02 4.191334e-02 8.793888e-02 4.709757e-02 9.429066e-02 
    38.5                3.535589e-02 0.000000e+00 3.497089e-02 3.447951e-02 1.972606e-05 1.506975e-02 3.547864e-02 3.504457e-02 3.440611e-02 7.161250e-02 3.924462e-02 7.803827e-02 
    39.5                2.956070e-02 0.000000e+00 2.793357e-02 2.735299e-02 1.668363e-05 1.071430e-02 2.892254e-02 2.799542e-02 2.729187e-02 5.669413e-02 3.199020e-02 6.277290e-02 
    40.5                2.365140e-02 0.000000e+00 2.135144e-02 2.096308e-02 7.165897e-06 7.218508e-03 2.253145e-02 2.140086e-02 2.091410e-02 4.313481e-02 2.505559e-02 4.851976e-02 
    41.5                1.770267e-02 0.000000e+00 1.539305e-02 1.486128e-02 6.022131e-06 4.455362e-03 1.657295e-02 1.543037e-02 1.482497e-02 3.070172e-02 1.843961e-02 3.507907e-02 
    42.5                1.235622e-02 0.000000e+00 1.023064e-02 1.000266e-02 4.124161e-06 2.527160e-03 1.122325e-02 1.025654e-02 9.977150e-03 2.044612e-02 1.269863e-02 2.372065e-02 
    43.5                8.141856e-03 0.000000e+00 6.503903e-03 6.278638e-03 1.799777e-06 1.289895e-03 7.273902e-03 6.521071e-03 6.261936e-03 1.287241e-02 8.280577e-03 1.516169e-02 
    44.5                4.688846e-03 0.000000e+00 3.623238e-03 3.427179e-03 9.907037e-07 5.818661e-04 4.128955e-03 3.633229e-03 3.417666e-03 7.090776e-03 4.742830e-03 8.470876e-03 
    45.5                2.225513e-03 0.000000e+00 1.657630e-03 1.566405e-03 4.183767e-07 1.953101e-04 1.922850e-03 1.662379e-03 1.561895e-03 3.232634e-03 2.237782e-03 3.918343e-03 
    46.5                7.380954e-04 0.000000e+00 5.347054e-04 4.948795e-04 2.022358e-07 4.774087e-05 6.302903e-04 5.362951e-04 4.933989e-04 1.034146e-03 7.423630e-04 1.267408e-03 
    47.5                1.498049e-04 0.000000e+00 1.069541e-04 9.654465e-05 3.325939e-08 5.251579e-06 1.278737e-04 1.072810e-04 9.624842e-05 2.036289e-04 1.499803e-04 2.527061e-04 
    48.5                1.461453e-05 0.000000e+00 1.179232e-05 7.658054e-06 1.225607e-08 1.981527e-07 1.425143e-05 1.182913e-05 7.634097e-06 1.945198e-05 1.461667e-05 2.432953e-05 
    49.5                0.000000e+00 0.000000e+00 0.000000e+00 0.000000e+00 0.000000e+00 0.000000e+00 0.000000e+00 0.000000e+00 0.000000e+00 0.000000e+00 0.000000e+00 0.000000e+00 
    50.5                0.000000e+00 0.000000e+00 0.000000e+00 0.000000e+00 0.000000e+00 0.000000e+00 0.000000e+00 0.000000e+00 0.000000e+00 0.000000e+00 0.000000e+00 0.000000e+00 
    51.5                0.000000e+00 0.000000e+00 0.000000e+00 0.000000e+00 0.000000e+00 0.000000e+00 0.000000e+00 0.000000e+00 0.000000e+00 0.000000e+00 0.000000e+00 0.000000e+00 
    52.5                0.000000e+00 0.000000e+00 0.000000e+00 0.000000e+00 0.000000e+00 0.000000e+00 0.000000e+00 0.000000e+00 0.000000e+00 0.000000e+00 0.000000e+00 0.000000e+00 
    53.5                0.000000e+00 0.000000e+00 0.000000e+00 0.000000e+00 0.000000e+00 0.000000e+00 0.000000e+00 0.000000e+00 0.000000e+00 0.000000e+00 0.000000e+00 0.000000e+00 
    54.5                0.000000e+00 0.000000e+00 0.000000e+00 0.000000e+00 0.000000e+00 0.000000e+00 0.000000e+00 0.000000e+00 0.000000e+00 0.000000e+00 0.000000e+00 0.000000e+00 
    55.5                0.000000e+00 0.000000e+00 0.000000e+00 0.000000e+00 0.000000e+00 0.000000e+00 0.000000e+00 0.000000e+00 0.000000e+00 0.000000e+00 0.000000e+00 0.000000e+00 
    56.5                0.000000e+00 0.000000e+00 0.000000e+00 0.000000e+00 0.000000e+00 0.000000e+00 0.000000e+00 0.000000e+00 0.000000e+00 0.000000e+00 0.000000e+00 0.000000e+00 
    57.5                0.000000e+00 0.000000e+00 0.000000e+00 0.000000e+00 0.000000e+00 0.000000e+00 0.000000e+00 0.000000e+00 0.000000e+00 0.000000e+00 0.000000e+00 0.000000e+00 
    58.5                0.000000e+00 0.000000e+00 0.000000e+00 0.000000e+00 0.000000e+00 0.000000e+00 0.000000e+00 0.000000e+00 0.000000e+00 0.000000e+00 0.000000e+00 0.000000e+00 
    59.5                0.000000e+00 0.000000e+00 0.000000e+00 0.000000e+00 0.000000e+00 0.000000e+00 0.000000e+00 0.000000e+00 0.000000e+00 0.000000e+00 0.000000e+00 0.000000e+00 
    60.5                0.000000e+00 0.000000e+00 0.000000e+00 0.000000e+00 0.000000e+00 0.000000e+00 0.000000e+00 0.000000e+00 0.000000e+00 0.000000e+00 0.000000e+00 0.000000e+00 
    61.5                0.000000e+00 0.000000e+00 0.000000e+00 0.000000e+00 0.000000e+00 0.000000e+00 0.000000e+00 0.000000e+00 0.000000e+00 0.000000e+00 0.000000e+00 0.000000e+00 
    62.5                0.000000e+00 0.000000e+00 0.000000e+00 0.000000e+00 0.000000e+00 0.000000e+00 0.000000e+00 0.000000e+00 0.000000e+00 0.000000e+00 0.000000e+00 0.000000e+00 
    63.5                0.000000e+00 0.000000e+00 0.000000e+00 0.000000e+00 0.000000e+00 0.000000e+00 0.000000e+00 0.000000e+00 0.000000e+00 0.000000e+00 0.000000e+00 0.000000e+00 
    64.5                0.000000e+00 0.000000e+00 0.000000e+00 0.000000e+00 0.000000e+00 0.000000e+00 0.000000e+00 0.000000e+00 0.000000e+00 0.000000e+00 0.000000e+00 0.000000e+00 
    65.5                0.000000e+00 0.000000e+00 0.000000e+00 0.000000e+00 0.000000e+00 0.000000e+00 0.000000e+00 0.000000e+00 0.000000e+00 0.000000e+00 0.000000e+00 0.000000e+00 
    66.5                0.000000e+00 0.000000e+00 0.000000e+00 0.000000e+00 0.000000e+00 0.000000e+00 0.000000e+00 0.000000e+00 0.000000e+00 0.000000e+00 0.000000e+00 0.000000e+00 
    67.5                0.000000e+00 0.000000e+00 0.000000e+00 0.000000e+00 0.000000e+00 0.000000e+00 0.000000e+00 0.000000e+00 0.000000e+00 0.000000e+00 0.000000e+00 0.000000e+00 
    68.5                0.000000e+00 0.000000e+00 0.000000e+00 0.000000e+00 0.000000e+00 0.000000e+00 0.000000e+00 0.000000e+00 0.000000e+00 0.000000e+00 0.000000e+00 0.000000e+00 
    69.5                0.000000e+00 0.000000e+00 0.000000e+00 0.000000e+00 0.000000e+00 0.000000e+00 0.000000e+00 0.000000e+00 0.000000e+00 0.000000e+00 0.000000e+00 0.000000e+00 
    70.5                0.000000e+00 0.000000e+00 0.000000e+00 0.000000e+00 0.000000e+00 0.000000e+00 0.000000e+00 0.000000e+00 0.000000e+00 0.000000e+00 0.000000e+00 0.000000e+00 
    71.5                0.000000e+00 0.000000e+00 0.000000e+00 0.000000e+00 0.000000e+00 0.000000e+00 0.000000e+00 0.000000e+00 0.000000e+00 0.000000e+00 0.000000e+00 0.000000e+00 
    72.5                0.000000e+00 0.000000e+00 0.000000e+00 0.000000e+00 0.000000e+00 0.000000e+00 0.000000e+00 0.000000e+00 0.000000e+00 0.000000e+00 0.000000e+00 0.000000e+00 
    73.5                0.000000e+00 0.000000e+00 0.000000e+00 0.000000e+00 0.000000e+00 0.000000e+00 0.000000e+00 0.000000e+00 0.000000e+00 0.000000e+00 0.000000e+00 0.000000e+00 
    74.5                0.000000e+00 0.000000e+00 0.000000e+00 0.000000e+00 0.000000e+00 0.000000e+00 0.000000e+00 0.000000e+00 0.000000e+00 0.000000e+00 0.000000e+00 0.000000e+00 
    75.5                0.000000e+00 0.000000e+00 0.000000e+00 0.000000e+00 0.000000e+00 0.000000e+00 0.000000e+00 0.000000e+00 0.000000e+00 0.000000e+00 0.000000e+00 0.000000e+00 
    76.5                0.000000e+00 0.000000e+00 0.000000e+00 0.000000e+00 0.000000e+00 0.000000e+00 0.000000e+00 0.000000e+00 0.000000e+00 0.000000e+00 0.000000e+00 0.000000e+00 
    77.5                0.000000e+00 0.000000e+00 0.000000e+00 0.000000e+00 0.000000e+00 0.000000e+00 0.000000e+00 0.000000e+00 0.000000e+00 0.000000e+00 0.000000e+00 0.000000e+00 
    78.5                0.000000e+00 0.000000e+00 0.000000e+00 0.000000e+00 0.000000e+00 0.000000e+00 0.000000e+00 0.000000e+00 0.000000e+00 0.000000e+00 0.000000e+00 0.000000e+00 
    79.5                0.000000e+00 0.000000e+00 0.000000e+00 0.000000e+00 0.000000e+00 0.000000e+00 0.000000e+00 0.000000e+00 0.000000e+00 0.000000e+00 0.000000e+00 0.000000e+00 


