# 80 rows of flux data
# 12 columns of flux data
# 
# total cross-sectional flux  4.503982e+00 /m^2/yr
#
#                             +x ram      -x wake      +y port -y starboard    +z zenith     -z nadir        Earth          Sun     anti-Sun      rot (x)      rot (y)      rot (z) 
# average speed (km/s)         26.67        14.14        25.93        25.92        23.84        23.84        26.12        25.93        25.92        25.28        24.26        25.55 
# total flux (#/m2/yr)  1.194013e+00 1.587538e-01 1.751442e+00 1.751432e+00 9.454724e-01 9.442550e-01 1.724453e+00 1.751448e+00 1.751443e+00 4.180010e+00 2.518025e+00 3.900843e+00 
# velocity (km/s)
     0.5                0.000000e+00 0.000000e+00 0.000000e+00 0.000000e+00 0.000000e+00 0.000000e+00 0.000000e+00 0.000000e+00 0.000000e+00 0.000000e+00 0.000000e+00 0.000000e+00 
     1.5                0.000000e+00 0.000000e+00 0.000000e+00 0.000000e+00 0.000000e+00 0.000000e+00 0.000000e+00 0.000000e+00 0.000000e+00 0.000000e+00 0.000000e+00 0.000000e+00 
     2.5                6.654084e-05 0.000000e+00 8.816643e-06 8.245833e-06 4.463854e-06 6.778002e-06 2.197764e-05 8.845236e-06 8.217352e-06 2.165167e-05 6.786080e-05 6.917317e-05 
     3.5                2.665685e-04 2.562919e-05 7.287773e-05 7.017240e-05 7.068815e-05 5.912517e-05 1.058710e-04 7.298525e-05 7.014881e-05 2.120756e-04 3.289874e-04 3.332266e-04 
     4.5                1.062855e-03 1.679874e-04 3.310989e-04 3.467535e-04 2.683965e-04 2.399672e-04 4.096147e-04 3.307922e-04 3.468842e-04 9.304655e-04 1.372328e-03 1.466652e-03 
     5.5                3.124185e-03 6.707838e-04 1.132417e-03 1.202073e-03 9.610100e-04 8.430534e-04 1.405248e-03 1.132115e-03 1.202265e-03 3.257977e-03 4.396363e-03 4.739935e-03 
     6.5                4.733366e-03 1.738245e-03 2.335658e-03 2.367987e-03 1.756301e-03 1.789523e-03 2.672788e-03 2.335424e-03 2.368137e-03 6.468283e-03 7.793379e-03 8.608413e-03 
     7.5                7.970192e-03 3.969437e-03 4.465397e-03 4.525812e-03 3.719471e-03 3.717946e-03 4.997017e-03 4.465460e-03 4.525932e-03 1.290405e-02 1.499899e-02 1.625643e-02 
     8.5                1.000232e-02 8.184301e-03 7.448911e-03 7.499751e-03 5.655338e-03 5.902426e-03 7.876114e-03 7.449203e-03 7.499258e-03 2.072091e-02 2.307113e-02 2.570078e-02 
     9.5                1.280679e-02 1.173022e-02 1.124141e-02 1.142150e-02 9.163641e-03 8.837504e-03 1.140844e-02 1.124186e-02 1.142145e-02 3.175740e-02 3.261208e-02 3.639834e-02 
    10.5                1.663411e-02 1.260919e-02 1.541558e-02 1.567541e-02 1.213018e-02 1.228537e-02 1.548320e-02 1.541608e-02 1.567532e-02 4.331362e-02 4.089218e-02 4.633177e-02 
    11.5                1.928049e-02 1.335924e-02 2.008031e-02 2.016500e-02 1.570353e-02 1.585881e-02 1.999593e-02 2.008026e-02 2.016537e-02 5.596746e-02 4.882980e-02 5.609962e-02 
    12.5                2.096260e-02 1.324636e-02 2.428611e-02 2.435521e-02 1.918692e-02 1.934826e-02 2.384485e-02 2.428615e-02 2.435564e-02 6.779225e-02 5.537413e-02 6.407195e-02 
    13.5                2.305594e-02 1.362564e-02 2.968860e-02 2.993012e-02 2.290818e-02 2.321484e-02 2.892928e-02 2.968913e-02 2.992946e-02 8.198998e-02 6.345437e-02 7.520888e-02 
    14.5                2.673967e-02 1.355307e-02 3.500508e-02 3.516662e-02 2.683591e-02 2.663970e-02 3.410603e-02 3.500412e-02 3.516717e-02 9.568763e-02 7.236339e-02 8.709243e-02 
    15.5                2.829158e-02 1.294557e-02 4.088430e-02 4.118745e-02 3.076924e-02 3.088443e-02 3.942638e-02 4.088433e-02 4.118723e-02 1.111167e-01 7.989010e-02 9.811485e-02 
    16.5                3.100418e-02 1.228078e-02 4.683669e-02 4.672377e-02 3.478983e-02 3.495446e-02 4.519520e-02 4.683765e-02 4.672330e-02 1.259765e-01 8.851458e-02 1.102848e-01 
    17.5                3.237275e-02 1.087290e-02 5.227881e-02 5.248674e-02 3.734886e-02 3.735272e-02 5.017194e-02 5.227977e-02 5.248590e-02 1.379767e-01 9.314230e-02 1.204232e-01 
    18.5                3.201374e-02 9.690537e-03 5.802748e-02 5.788282e-02 4.089267e-02 4.002482e-02 5.522219e-02 5.802601e-02 5.788402e-02 1.511715e-01 9.801778e-02 1.300671e-01 
    19.5                3.310481e-02 7.742161e-03 6.316616e-02 6.308742e-02 4.253226e-02 4.266316e-02 6.005500e-02 6.316701e-02 6.308598e-02 1.620281e-01 1.016948e-01 1.394687e-01 
    20.5                3.339112e-02 5.785898e-03 6.680391e-02 6.677430e-02 4.441856e-02 4.454043e-02 6.345944e-02 6.680375e-02 6.677449e-02 1.705996e-01 1.043496e-01 1.462377e-01 
    21.5                3.450868e-02 3.806260e-03 7.197530e-02 7.182219e-02 4.600672e-02 4.592303e-02 6.817444e-02 7.197514e-02 7.182164e-02 1.802694e-01 1.070850e-01 1.551985e-01 
    22.5                3.518212e-02 2.003012e-03 7.635667e-02 7.624932e-02 4.667665e-02 4.665850e-02 7.244849e-02 7.635681e-02 7.624899e-02 1.879522e-01 1.080377e-01 1.627471e-01 
    23.5                3.673789e-02 6.675209e-04 7.968478e-02 7.959609e-02 4.715552e-02 4.697352e-02 7.571549e-02 7.968428e-02 7.959637e-02 1.936972e-01 1.086099e-01 1.687809e-01 
    24.5                3.888111e-02 7.819617e-05 8.155074e-02 8.133600e-02 4.609602e-02 4.610465e-02 7.776263e-02 8.155039e-02 8.133600e-02 1.951225e-01 1.069589e-01 1.718430e-01 
    25.5                4.187952e-02 9.038962e-07 8.278825e-02 8.273321e-02 4.523342e-02 4.501673e-02 7.941146e-02 8.278820e-02 8.273327e-02 1.958198e-01 1.056690e-01 1.744082e-01 
    26.5                4.444572e-02 0.000000e+00 8.320654e-02 8.286964e-02 4.346690e-02 4.334689e-02 8.021487e-02 8.320613e-02 8.286958e-02 1.938542e-01 1.029891e-01 1.747722e-01 
    27.5                4.677967e-02 0.000000e+00 8.249384e-02 8.236800e-02 4.123997e-02 4.120711e-02 8.003471e-02 8.249389e-02 8.236797e-02 1.899191e-01 9.969998e-02 1.737137e-01 
    28.5                4.839941e-02 0.000000e+00 8.077115e-02 8.058049e-02 3.883797e-02 3.858966e-02 7.888164e-02 8.077100e-02 8.058104e-02 1.838191e-01 9.561990e-02 1.702832e-01 
    29.5                5.059132e-02 0.000000e+00 7.919508e-02 7.888144e-02 3.655786e-02 3.634143e-02 7.790606e-02 7.919484e-02 7.888172e-02 1.784242e-01 9.267479e-02 1.674504e-01 
    30.5                5.082792e-02 0.000000e+00 7.526346e-02 7.533505e-02 3.348726e-02 3.338839e-02 7.453000e-02 7.526344e-02 7.533538e-02 1.683546e-01 8.736561e-02 1.600347e-01 
    31.5                5.085621e-02 0.000000e+00 7.127147e-02 7.106772e-02 3.021794e-02 3.016560e-02 7.114940e-02 7.127163e-02 7.106821e-02 1.575633e-01 8.184851e-02 1.519816e-01 
    32.5                5.027062e-02 0.000000e+00 6.642034e-02 6.631287e-02 2.700473e-02 2.691415e-02 6.684503e-02 6.642049e-02 6.631347e-02 1.457739e-01 7.626677e-02 1.425978e-01 
    33.5                4.896003e-02 0.000000e+00 6.079223e-02 6.083127e-02 2.353643e-02 2.348626e-02 6.174662e-02 6.079255e-02 6.083183e-02 1.323927e-01 7.009583e-02 1.316418e-01 
    34.5                4.642781e-02 0.000000e+00 5.464147e-02 5.476463e-02 2.030980e-02 2.026019e-02 5.595446e-02 5.464200e-02 5.476564e-02 1.183460e-01 6.356004e-02 1.192453e-01 
    35.5                4.273179e-02 0.000000e+00 4.783639e-02 4.780169e-02 1.700511e-02 1.698823e-02 4.939223e-02 4.783691e-02 4.780252e-02 1.028113e-01 5.617202e-02 1.050366e-01 
    36.5                3.898833e-02 0.000000e+00 4.142361e-02 4.125241e-02 1.402874e-02 1.402958e-02 4.318373e-02 4.142414e-02 4.125335e-02 8.835486e-02 4.931967e-02 9.162097e-02 
    37.5                3.483502e-02 0.000000e+00 3.507577e-02 3.525471e-02 1.131501e-02 1.129483e-02 3.687500e-02 3.507626e-02 3.525564e-02 7.470364e-02 4.258304e-02 7.863293e-02 
    38.5                3.017270e-02 0.000000e+00 2.896592e-02 2.901426e-02 8.876154e-03 8.899511e-03 3.075924e-02 2.896659e-02 2.901520e-02 6.130612e-02 3.587108e-02 6.546121e-02 
    39.5                2.524712e-02 0.000000e+00 2.301569e-02 2.308877e-02 6.726845e-03 6.726270e-03 2.466557e-02 2.301622e-02 2.308975e-02 4.856355e-02 2.928783e-02 5.263718e-02 
    40.5                2.022226e-02 0.000000e+00 1.758105e-02 1.763306e-02 4.845664e-03 4.882489e-03 1.902659e-02 1.758162e-02 1.763403e-02 3.694066e-02 2.296118e-02 4.065270e-02 
    41.5                1.517816e-02 0.000000e+00 1.262099e-02 1.262694e-02 3.290089e-03 3.309551e-03 1.379037e-02 1.262145e-02 1.262788e-02 2.640291e-02 1.693874e-02 2.948558e-02 
    42.5                1.075524e-02 0.000000e+00 8.512863e-03 8.589599e-03 2.118329e-03 2.156518e-03 9.399929e-03 8.513329e-03 8.590263e-03 1.784665e-02 1.184381e-02 2.021828e-02 
    43.5                7.156616e-03 0.000000e+00 5.435746e-03 5.466738e-03 1.256976e-03 1.294189e-03 6.064006e-03 5.436099e-03 5.467395e-03 1.134808e-02 7.782092e-03 1.304939e-02 
    44.5                4.169075e-03 0.000000e+00 3.033652e-03 3.047397e-03 6.628754e-04 6.923687e-04 3.420389e-03 3.033918e-03 3.047823e-03 6.323188e-03 4.493514e-03 7.376953e-03 
    45.5                2.041755e-03 0.000000e+00 1.429689e-03 1.434128e-03 2.926686e-04 3.134900e-04 1.632263e-03 1.429869e-03 1.434407e-03 2.975286e-03 2.185639e-03 3.518785e-03 
    46.5                7.068222e-04 0.000000e+00 4.745260e-04 4.810936e-04 9.105289e-05 1.026985e-04 5.475433e-04 4.746006e-04 4.812493e-04 9.931278e-04 7.530603e-04 1.189226e-03 
    47.5                1.577619e-04 0.000000e+00 1.023520e-04 1.042576e-04 1.829938e-05 2.317477e-05 1.198631e-04 1.023804e-04 1.043048e-04 2.147553e-04 1.677014e-04 2.600251e-04 
    48.5                1.901617e-05 0.000000e+00 1.238920e-05 1.201401e-05 1.911259e-06 2.677009e-06 1.493400e-05 1.239601e-05 1.202224e-05 2.533767e-05 2.013360e-05 3.094497e-05 
    49.5                0.000000e+00 0.000000e+00 0.000000e+00 0.000000e+00 0.000000e+00 0.000000e+00 0.000000e+00 0.000000e+00 0.000000e+00 0.000000e+00 0.000000e+00 0.000000e+00 
    50.5                0.000000e+00 0.000000e+00 0.000000e+00 0.000000e+00 0.000000e+00 0.000000e+00 0.000000e+00 0.000000e+00 0.000000e+00 0.000000e+00 0.000000e+00 0.000000e+00 
    51.5                0.000000e+00 0.000000e+00 0.000000e+00 0.000000e+00 0.000000e+00 0.000000e+00 0.000000e+00 0.000000e+00 0.000000e+00 0.000000e+00 0.000000e+00 0.000000e+00 
    52.5                0.000000e+00 0.000000e+00 0.000000e+00 0.000000e+00 0.000000e+00 0.000000e+00 0.000000e+00 0.000000e+00 0.000000e+00 0.000000e+00 0.000000e+00 0.000000e+00 
    53.5                0.000000e+00 0.000000e+00 0.000000e+00 0.000000e+00 0.000000e+00 0.000000e+00 0.000000e+00 0.000000e+00 0.000000e+00 0.000000e+00 0.000000e+00 0.000000e+00 
    54.5                0.000000e+00 0.000000e+00 0.000000e+00 0.000000e+00 0.000000e+00 0.000000e+00 0.000000e+00 0.000000e+00 0.000000e+00 0.000000e+00 0.000000e+00 0.000000e+00 
    55.5                0.000000e+00 0.000000e+00 0.000000e+00 0.000000e+00 0.000000e+00 0.000000e+00 0.000000e+00 0.000000e+00 0.000000e+00 0.000000e+00 0.000000e+00 0.000000e+00 
    56.5                0.000000e+00 0.000000e+00 0.000000e+00 0.000000e+00 0.000000e+00 0.000000e+00 0.000000e+00 0.000000e+00 0.000000e+00 0.000000e+00 0.000000e+00 0.000000e+00 
    57.5                0.000000e+00 0.000000e+00 0.000000e+00 0.000000e+00 0.000000e+00 0.000000e+00 0.000000e+00 0.000000e+00 0.000000e+00 0.000000e+00 0.000000e+00 0.000000e+00 
    58.5                0.000000e+00 0.000000e+00 0.000000e+00 0.000000e+00 0.000000e+00 0.000000e+00 0.000000e+00 0.000000e+00 0.000000e+00 0.000000e+00 0.000000e+00 0.000000e+00 
    59.5                0.000000e+00 0.000000e+00 0.000000e+00 0.000000e+00 0.000000e+00 0.000000e+00 0.000000e+00 0.000000e+00 0.000000e+00 0.000000e+00 0.000000e+00 0.000000e+00 
    60.5                0.000000e+00 0.000000e+00 0.000000e+00 0.000000e+00 0.000000e+00 0.000000e+00 0.000000e+00 0.000000e+00 0.000000e+00 0.000000e+00 0.000000e+00 0.000000e+00 
    61.5                0.000000e+00 0.000000e+00 0.000000e+00 0.000000e+00 0.000000e+00 0.000000e+00 0.000000e+00 0.000000e+00 0.000000e+00 0.000000e+00 0.000000e+00 0.000000e+00 
    62.5                0.000000e+00 0.000000e+00 0.000000e+00 0.000000e+00 0.000000e+00 0.000000e+00 0.000000e+00 0.000000e+00 0.000000e+00 0.000000e+00 0.000000e+00 0.000000e+00 
    63.5                0.000000e+00 0.000000e+00 0.000000e+00 0.000000e+00 0.000000e+00 0.000000e+00 0.000000e+00 0.000000e+00 0.000000e+00 0.000000e+00 0.000000e+00 0.000000e+00 
    64.5                0.000000e+00 0.000000e+00 0.000000e+00 0.000000e+00 0.000000e+00 0.000000e+00 0.000000e+00 0.000000e+00 0.000000e+00 0.000000e+00 0.000000e+00 0.000000e+00 
    65.5                0.000000e+00 0.000000e+00 0.000000e+00 0.000000e+00 0.000000e+00 0.000000e+00 0.000000e+00 0.000000e+00 0.000000e+00 0.000000e+00 0.000000e+00 0.000000e+00 
    66.5                0.000000e+00 0.000000e+00 0.000000e+00 0.000000e+00 0.000000e+00 0.000000e+00 0.000000e+00 0.000000e+00 0.000000e+00 0.000000e+00 0.000000e+00 0.000000e+00 
    67.5                0.000000e+00 0.000000e+00 0.000000e+00 0.000000e+00 0.000000e+00 0.000000e+00 0.000000e+00 0.000000e+00 0.000000e+00 0.000000e+00 0.000000e+00 0.000000e+00 
    68.5                0.000000e+00 0.000000e+00 0.000000e+00 0.000000e+00 0.000000e+00 0.000000e+00 0.000000e+00 0.000000e+00 0.000000e+00 0.000000e+00 0.000000e+00 0.000000e+00 
    69.5                0.000000e+00 0.000000e+00 0.000000e+00 0.000000e+00 0.000000e+00 0.000000e+00 0.000000e+00 0.000000e+00 0.000000e+00 0.000000e+00 0.000000e+00 0.000000e+00 
    70.5                0.000000e+00 0.000000e+00 0.000000e+00 0.000000e+00 0.000000e+00 0.000000e+00 0.000000e+00 0.000000e+00 0.000000e+00 0.000000e+00 0.000000e+00 0.000000e+00 
    71.5                0.000000e+00 0.000000e+00 0.000000e+00 0.000000e+00 0.000000e+00 0.000000e+00 0.000000e+00 0.000000e+00 0.000000e+00 0.000000e+00 0.000000e+00 0.000000e+00 
    72.5                0.000000e+00 0.000000e+00 0.000000e+00 0.000000e+00 0.000000e+00 0.000000e+00 0.000000e+00 0.000000e+00 0.000000e+00 0.000000e+00 0.000000e+00 0.000000e+00 
    73.5                0.000000e+00 0.000000e+00 0.000000e+00 0.000000e+00 0.000000e+00 0.000000e+00 0.000000e+00 0.000000e+00 0.000000e+00 0.000000e+00 0.000000e+00 0.000000e+00 
    74.5                0.000000e+00 0.000000e+00 0.000000e+00 0.000000e+00 0.000000e+00 0.000000e+00 0.000000e+00 0.000000e+00 0.000000e+00 0.000000e+00 0.000000e+00 0.000000e+00 
    75.5                0.000000e+00 0.000000e+00 0.000000e+00 0.000000e+00 0.000000e+00 0.000000e+00 0.000000e+00 0.000000e+00 0.000000e+00 0.000000e+00 0.000000e+00 0.000000e+00 
    76.5                0.000000e+00 0.000000e+00 0.000000e+00 0.000000e+00 0.000000e+00 0.000000e+00 0.000000e+00 0.000000e+00 0.000000e+00 0.000000e+00 0.000000e+00 0.000000e+00 
    77.5                0.000000e+00 0.000000e+00 0.000000e+00 0.000000e+00 0.000000e+00 0.000000e+00 0.000000e+00 0.000000e+00 0.000000e+00 0.000000e+00 0.000000e+00 0.000000e+00 
    78.5                0.000000e+00 0.000000e+00 0.000000e+00 0.000000e+00 0.000000e+00 0.000000e+00 0.000000e+00 0.000000e+00 0.000000e+00 0.000000e+00 0.000000e+00 0.000000e+00 
    79.5                0.000000e+00 0.000000e+00 0.000000e+00 0.000000e+00 0.000000e+00 0.000000e+00 0.000000e+00 0.000000e+00 0.000000e+00 0.000000e+00 0.000000e+00 0.000000e+00 


