# 80 rows of flux data
# 12 columns of flux data
# 
# total cross-sectional flux  3.304876e-01 /m^2/yr
#
#                             +x ram      -x wake      +y port -y starboard    +z zenith     -z nadir        Earth          Sun     anti-Sun      rot (x)      rot (y)      rot (z) 
# average speed (km/s)          0.94         0.98         1.27         1.36         0.33         0.27         1.43         1.27         1.36         1.03         0.87         1.36 
# total flux (#/m2/yr)  1.682450e-01 5.465214e-02 7.667272e-02 7.680711e-02 7.678096e-01 7.582560e-01 1.149004e-01 7.683644e-02 7.711961e-02 3.183877e-01 3.002833e-01 1.827699e-01 
# velocity (km/s)
     0.5                0.000000e+00 0.000000e+00 0.000000e+00 0.000000e+00 0.000000e+00 0.000000e+00 0.000000e+00 0.000000e+00 0.000000e+00 0.000000e+00 0.000000e+00 0.000000e+00 
     1.5                0.000000e+00 0.000000e+00 0.000000e+00 0.000000e+00 0.000000e+00 0.000000e+00 0.000000e+00 0.000000e+00 0.000000e+00 0.000000e+00 0.000000e+00 0.000000e+00 
     2.5                7.435460e-05 0.000000e+00 1.021591e-05 8.731712e-06 5.049536e-06 7.439902e-06 3.389119e-05 1.029847e-05 8.667962e-06 2.256215e-05 7.535828e-05 7.728239e-05 
     3.5                2.534919e-04 1.643088e-05 6.621411e-05 6.289485e-05 7.128291e-05 4.970229e-05 1.125662e-04 6.633980e-05 6.290198e-05 1.941339e-04 3.050054e-04 3.053917e-04 
     4.5                8.548929e-04 1.445473e-04 2.415252e-04 2.615208e-04 1.985013e-04 2.094863e-04 2.878846e-04 2.408950e-04 2.617236e-04 7.069960e-04 1.099635e-03 1.154060e-03 
     5.5                2.411774e-03 5.543795e-04 9.227332e-04 9.689323e-04 6.604585e-04 6.940393e-04 1.184649e-03 9.228263e-04 9.685858e-04 2.525206e-03 3.400512e-03 3.733758e-03 
     6.5                3.245795e-03 1.369957e-03 1.630908e-03 1.735718e-03 1.321913e-03 1.277914e-03 1.845174e-03 1.630194e-03 1.736130e-03 4.638347e-03 5.540448e-03 6.153193e-03 
     7.5                4.760126e-03 2.881320e-03 2.999970e-03 3.116559e-03 2.372318e-03 2.341586e-03 3.382503e-03 2.999959e-03 3.116649e-03 8.136982e-03 9.320506e-03 1.065307e-02 
     8.5                5.052304e-03 5.935625e-03 4.576851e-03 4.699083e-03 3.461130e-03 3.499723e-03 4.931356e-03 4.576613e-03 4.699121e-03 1.199754e-02 1.332446e-02 1.575996e-02 
     9.5                5.729275e-03 7.794245e-03 6.330779e-03 6.520814e-03 5.208576e-03 5.072668e-03 6.855289e-03 6.332185e-03 6.519521e-03 1.625967e-02 1.668577e-02 2.034180e-02 
    10.5                6.664147e-03 7.382124e-03 7.932466e-03 8.334416e-03 6.854880e-03 6.909245e-03 8.594574e-03 7.931280e-03 8.336068e-03 1.985088e-02 1.785860e-02 2.328846e-02 
    11.5                5.858290e-03 7.026444e-03 9.754002e-03 9.967473e-03 8.953360e-03 9.061978e-03 1.074512e-02 9.754191e-03 9.967623e-03 2.254994e-02 1.691903e-02 2.514519e-02 
    12.5                3.400908e-03 5.731937e-03 9.416639e-03 9.880849e-03 1.175347e-02 1.193702e-02 1.072137e-02 9.415383e-03 9.881458e-03 1.986771e-02 1.159923e-02 2.213533e-02 
    13.5                2.189408e-03 4.850823e-03 9.831402e-03 1.022090e-02 1.500273e-02 1.554834e-02 1.193473e-02 9.832090e-03 1.022081e-02 1.856944e-02 7.990362e-03 2.156417e-02 
    14.5                7.846124e-04 3.885429e-03 9.568349e-03 1.024675e-02 1.925725e-02 1.883761e-02 1.218774e-02 9.568078e-03 1.024636e-02 1.604828e-02 3.653843e-03 1.990239e-02 
    15.5                2.152087e-03 2.882453e-03 9.204419e-03 9.820422e-03 2.378759e-02 2.391615e-02 1.237110e-02 9.203747e-03 9.821666e-03 1.171263e-02 3.247011e-03 1.690076e-02 
    16.5                4.299341e-03 2.205946e-03 7.866702e-03 8.324353e-03 2.873067e-02 2.888471e-02 1.200396e-02 7.866938e-03 8.324739e-03 5.866223e-03 9.325417e-03 1.313545e-02 
    17.5                5.451769e-03 1.369162e-03 6.798714e-03 7.416350e-03 3.172746e-02 3.178962e-02 1.159508e-02 6.798332e-03 7.416333e-03 2.879645e-03 1.305663e-02 1.038774e-02 
    18.5                7.405300e-03 7.006235e-04 5.349462e-03 5.864343e-03 3.667280e-02 3.506368e-02 1.125463e-02 5.349679e-03 5.864574e-03 3.132986e-03 1.916143e-02 6.311911e-03 
    19.5                7.557173e-03 2.974685e-04 3.052317e-03 3.814782e-03 3.812512e-02 3.830693e-02 9.896266e-03 3.053501e-03 3.810114e-03 7.376098e-03 2.137170e-02 2.576003e-03 
    20.5                1.018414e-02 5.406278e-05 1.143324e-03 1.605520e-03 4.150744e-02 4.138491e-02 8.677524e-03 1.139200e-03 1.613416e-03 1.380715e-02 2.700752e-02 3.541761e-03 
    21.5                9.384619e-03 1.580774e-04 1.354795e-03 8.766737e-04 4.328201e-02 4.313627e-02 7.716495e-03 1.361665e-03 8.732182e-04 1.845755e-02 2.821639e-02 6.947855e-03 
    22.5                8.604819e-03 1.383479e-04 2.763940e-03 2.240402e-03 4.349503e-02 4.314992e-02 7.726124e-03 2.762700e-03 2.241853e-03 2.002104e-02 2.734818e-02 8.680546e-03 
    23.5                9.529334e-03 7.896323e-05 4.978107e-03 4.560962e-03 4.425237e-02 4.380447e-02 6.790719e-03 4.978854e-03 4.564975e-03 2.433081e-02 2.891351e-02 1.347481e-02 
    24.5                8.496551e-03 1.496250e-05 6.478215e-03 6.118048e-03 4.271757e-02 4.240760e-02 6.576053e-03 6.479932e-03 6.121238e-03 2.575552e-02 2.661424e-02 1.550589e-02 
    25.5                8.317237e-03 3.431977e-07 7.508288e-03 7.589506e-03 4.158809e-02 4.088016e-02 6.328876e-03 7.510710e-03 7.594167e-03 2.701013e-02 2.516805e-02 1.778753e-02 
    26.5                8.628398e-03 0.000000e+00 9.124763e-03 8.994666e-03 3.942982e-02 3.882471e-02 6.711604e-03 9.125787e-03 8.996641e-03 2.837648e-02 2.352981e-02 2.059873e-02 
    27.5                9.268123e-03 0.000000e+00 1.087998e-02 1.081262e-02 3.693181e-02 3.650498e-02 7.283909e-03 1.088209e-02 1.081544e-02 3.020947e-02 2.208769e-02 2.408587e-02 
    28.5                8.972468e-03 0.000000e+00 1.096194e-02 1.136603e-02 3.404935e-02 3.318998e-02 7.323824e-03 1.096487e-02 1.137282e-02 2.908648e-02 1.925674e-02 2.445017e-02 
    29.5                9.776813e-03 0.000000e+00 1.247553e-02 1.248169e-02 3.167793e-02 3.089891e-02 8.679447e-03 1.247695e-02 1.248543e-02 3.057116e-02 1.833434e-02 2.718674e-02 
    30.5                9.502432e-03 0.000000e+00 1.223591e-02 1.264734e-02 2.828317e-02 2.780409e-02 8.641932e-03 1.223827e-02 1.265284e-02 2.902283e-02 1.597356e-02 2.692863e-02 
    31.5                9.490347e-03 0.000000e+00 1.230046e-02 1.268605e-02 2.485957e-02 2.431819e-02 9.025808e-03 1.230359e-02 1.269151e-02 2.774904e-02 1.380965e-02 2.693311e-02 
    32.5                9.229123e-03 0.000000e+00 1.195414e-02 1.246759e-02 2.159369e-02 2.103655e-02 9.103896e-03 1.195745e-02 1.247392e-02 2.615038e-02 1.184140e-02 2.624026e-02 
    33.5                9.314025e-03 0.000000e+00 1.166584e-02 1.216236e-02 1.823037e-02 1.774091e-02 9.337182e-03 1.166904e-02 1.216867e-02 2.450682e-02 1.035763e-02 2.568412e-02 
    34.5                9.161125e-03 0.000000e+00 1.097095e-02 1.171035e-02 1.533305e-02 1.487691e-02 9.127036e-03 1.097435e-02 1.171924e-02 2.275041e-02 9.273044e-03 2.451550e-02 
    35.5                8.395674e-03 0.000000e+00 9.826937e-03 1.044467e-02 1.241402e-02 1.201123e-02 8.482862e-03 9.830380e-03 1.045190e-02 1.984136e-02 7.734001e-03 2.196216e-02 
    36.5                7.378835e-03 0.000000e+00 8.354155e-03 9.111818e-03 9.770929e-03 9.461647e-03 7.451699e-03 8.356905e-03 9.119571e-03 1.663979e-02 6.111680e-03 1.895335e-02 
    37.5                6.717090e-03 0.000000e+00 7.452983e-03 7.966167e-03 7.537899e-03 7.310694e-03 6.881706e-03 7.455928e-03 7.973665e-03 1.436621e-02 5.143765e-03 1.679059e-02 
    38.5                5.707088e-03 0.000000e+00 5.987218e-03 6.691637e-03 5.670713e-03 5.502445e-03 5.775605e-03 5.990055e-03 6.699259e-03 1.156021e-02 4.077134e-03 1.385332e-02 
    39.5                4.834550e-03 0.000000e+00 4.883961e-03 5.426750e-03 4.135430e-03 4.028482e-03 4.867106e-03 4.886335e-03 5.434145e-03 9.282277e-03 3.351326e-03 1.134049e-02 
    40.5                3.984662e-03 0.000000e+00 3.800211e-03 4.424126e-03 2.897166e-03 2.861321e-03 3.944907e-03 3.802237e-03 4.431079e-03 7.326295e-03 2.759202e-03 9.079362e-03 
    41.5                3.078338e-03 0.000000e+00 2.812910e-03 3.227423e-03 1.917675e-03 1.919117e-03 3.020106e-03 2.814373e-03 3.233828e-03 5.330115e-03 2.138757e-03 6.728446e-03 
    42.5                2.014707e-03 0.000000e+00 1.764272e-03 2.134980e-03 1.222890e-03 1.273340e-03 2.004674e-03 1.765912e-03 2.139789e-03 3.361793e-03 1.346650e-03 4.337227e-03 
    43.5                1.403702e-03 0.000000e+00 1.133259e-03 1.462440e-03 7.377759e-04 8.047352e-04 1.342973e-03 1.134341e-03 1.466702e-03 2.223813e-03 9.749837e-04 2.904743e-03 
    44.5                8.181996e-04 0.000000e+00 6.437762e-04 8.201505e-04 4.064696e-04 4.605709e-04 7.989152e-04 6.445849e-04 8.229984e-04 1.248207e-03 5.921901e-04 1.642461e-03 
    45.5                4.222004e-04 0.000000e+00 2.993508e-04 4.187259e-04 1.919246e-04 2.369863e-04 4.008678e-04 2.998541e-04 4.204584e-04 6.117716e-04 3.346288e-04 8.067861e-04 
    46.5                1.573654e-04 0.000000e+00 1.004181e-04 1.634027e-04 6.347107e-05 8.566197e-05 1.424206e-04 1.006335e-04 1.642200e-04 2.225383e-04 1.331687e-04 2.910482e-04 
    47.5                3.556124e-05 0.000000e+00 2.407959e-05 3.748216e-05 1.490338e-05 2.260328e-05 3.721915e-05 2.418313e-05 3.770338e-05 4.839600e-05 3.374436e-05 6.246949e-05 
    48.5                9.603182e-06 0.000000e+00 6.143947e-06 7.818180e-06 2.248722e-06 3.723490e-06 8.305487e-06 6.156062e-06 7.848632e-06 1.278279e-05 1.025298e-05 1.565417e-05 
    49.5                0.000000e+00 0.000000e+00 0.000000e+00 0.000000e+00 0.000000e+00 0.000000e+00 0.000000e+00 0.000000e+00 0.000000e+00 0.000000e+00 0.000000e+00 0.000000e+00 
    50.5                0.000000e+00 0.000000e+00 0.000000e+00 0.000000e+00 0.000000e+00 0.000000e+00 0.000000e+00 0.000000e+00 0.000000e+00 0.000000e+00 0.000000e+00 0.000000e+00 
    51.5                0.000000e+00 0.000000e+00 0.000000e+00 0.000000e+00 0.000000e+00 0.000000e+00 0.000000e+00 0.000000e+00 0.000000e+00 0.000000e+00 0.000000e+00 0.000000e+00 
    52.5                0.000000e+00 0.000000e+00 0.000000e+00 0.000000e+00 0.000000e+00 0.000000e+00 0.000000e+00 0.000000e+00 0.000000e+00 0.000000e+00 0.000000e+00 0.000000e+00 
    53.5                0.000000e+00 0.000000e+00 0.000000e+00 0.000000e+00 0.000000e+00 0.000000e+00 0.000000e+00 0.000000e+00 0.000000e+00 0.000000e+00 0.000000e+00 0.000000e+00 
    54.5                0.000000e+00 0.000000e+00 0.000000e+00 0.000000e+00 0.000000e+00 0.000000e+00 0.000000e+00 0.000000e+00 0.000000e+00 0.000000e+00 0.000000e+00 0.000000e+00 
    55.5                0.000000e+00 0.000000e+00 0.000000e+00 0.000000e+00 0.000000e+00 0.000000e+00 0.000000e+00 0.000000e+00 0.000000e+00 0.000000e+00 0.000000e+00 0.000000e+00 
    56.5                0.000000e+00 0.000000e+00 0.000000e+00 0.000000e+00 0.000000e+00 0.000000e+00 0.000000e+00 0.000000e+00 0.000000e+00 0.000000e+00 0.000000e+00 0.000000e+00 
    57.5                0.000000e+00 0.000000e+00 0.000000e+00 0.000000e+00 0.000000e+00 0.000000e+00 0.000000e+00 0.000000e+00 0.000000e+00 0.000000e+00 0.000000e+00 0.000000e+00 
    58.5                0.000000e+00 0.000000e+00 0.000000e+00 0.000000e+00 0.000000e+00 0.000000e+00 0.000000e+00 0.000000e+00 0.000000e+00 0.000000e+00 0.000000e+00 0.000000e+00 
    59.5                0.000000e+00 0.000000e+00 0.000000e+00 0.000000e+00 0.000000e+00 0.000000e+00 0.000000e+00 0.000000e+00 0.000000e+00 0.000000e+00 0.000000e+00 0.000000e+00 
    60.5                0.000000e+00 0.000000e+00 0.000000e+00 0.000000e+00 0.000000e+00 0.000000e+00 0.000000e+00 0.000000e+00 0.000000e+00 0.000000e+00 0.000000e+00 0.000000e+00 
    61.5                0.000000e+00 0.000000e+00 0.000000e+00 0.000000e+00 0.000000e+00 0.000000e+00 0.000000e+00 0.000000e+00 0.000000e+00 0.000000e+00 0.000000e+00 0.000000e+00 
    62.5                0.000000e+00 0.000000e+00 0.000000e+00 0.000000e+00 0.000000e+00 0.000000e+00 0.000000e+00 0.000000e+00 0.000000e+00 0.000000e+00 0.000000e+00 0.000000e+00 
    63.5                0.000000e+00 0.000000e+00 0.000000e+00 0.000000e+00 0.000000e+00 0.000000e+00 0.000000e+00 0.000000e+00 0.000000e+00 0.000000e+00 0.000000e+00 0.000000e+00 
    64.5                0.000000e+00 0.000000e+00 0.000000e+00 0.000000e+00 0.000000e+00 0.000000e+00 0.000000e+00 0.000000e+00 0.000000e+00 0.000000e+00 0.000000e+00 0.000000e+00 
    65.5                0.000000e+00 0.000000e+00 0.000000e+00 0.000000e+00 0.000000e+00 0.000000e+00 0.000000e+00 0.000000e+00 0.000000e+00 0.000000e+00 0.000000e+00 0.000000e+00 
    66.5                0.000000e+00 0.000000e+00 0.000000e+00 0.000000e+00 0.000000e+00 0.000000e+00 0.000000e+00 0.000000e+00 0.000000e+00 0.000000e+00 0.000000e+00 0.000000e+00 
    67.5                0.000000e+00 0.000000e+00 0.000000e+00 0.000000e+00 0.000000e+00 0.000000e+00 0.000000e+00 0.000000e+00 0.000000e+00 0.000000e+00 0.000000e+00 0.000000e+00 
    68.5                0.000000e+00 0.000000e+00 0.000000e+00 0.000000e+00 0.000000e+00 0.000000e+00 0.000000e+00 0.000000e+00 0.000000e+00 0.000000e+00 0.000000e+00 0.000000e+00 
    69.5                0.000000e+00 0.000000e+00 0.000000e+00 0.000000e+00 0.000000e+00 0.000000e+00 0.000000e+00 0.000000e+00 0.000000e+00 0.000000e+00 0.000000e+00 0.000000e+00 
    70.5                0.000000e+00 0.000000e+00 0.000000e+00 0.000000e+00 0.000000e+00 0.000000e+00 0.000000e+00 0.000000e+00 0.000000e+00 0.000000e+00 0.000000e+00 0.000000e+00 
    71.5                0.000000e+00 0.000000e+00 0.000000e+00 0.000000e+00 0.000000e+00 0.000000e+00 0.000000e+00 0.000000e+00 0.000000e+00 0.000000e+00 0.000000e+00 0.000000e+00 
    72.5                0.000000e+00 0.000000e+00 0.000000e+00 0.000000e+00 0.000000e+00 0.000000e+00 0.000000e+00 0.000000e+00 0.000000e+00 0.000000e+00 0.000000e+00 0.000000e+00 
    73.5                0.000000e+00 0.000000e+00 0.000000e+00 0.000000e+00 0.000000e+00 0.000000e+00 0.000000e+00 0.000000e+00 0.000000e+00 0.000000e+00 0.000000e+00 0.000000e+00 
    74.5                0.000000e+00 0.000000e+00 0.000000e+00 0.000000e+00 0.000000e+00 0.000000e+00 0.000000e+00 0.000000e+00 0.000000e+00 0.000000e+00 0.000000e+00 0.000000e+00 
    75.5                0.000000e+00 0.000000e+00 0.000000e+00 0.000000e+00 0.000000e+00 0.000000e+00 0.000000e+00 0.000000e+00 0.000000e+00 0.000000e+00 0.000000e+00 0.000000e+00 
    76.5                0.000000e+00 0.000000e+00 0.000000e+00 0.000000e+00 0.000000e+00 0.000000e+00 0.000000e+00 0.000000e+00 0.000000e+00 0.000000e+00 0.000000e+00 0.000000e+00 
    77.5                0.000000e+00 0.000000e+00 0.000000e+00 0.000000e+00 0.000000e+00 0.000000e+00 0.000000e+00 0.000000e+00 0.000000e+00 0.000000e+00 0.000000e+00 0.000000e+00 
    78.5                0.000000e+00 0.000000e+00 0.000000e+00 0.000000e+00 0.000000e+00 0.000000e+00 0.000000e+00 0.000000e+00 0.000000e+00 0.000000e+00 0.000000e+00 0.000000e+00 
    79.5                0.000000e+00 0.000000e+00 0.000000e+00 0.000000e+00 0.000000e+00 0.000000e+00 0.000000e+00 0.000000e+00 0.000000e+00 0.000000e+00 0.000000e+00 0.000000e+00 


