# 80 rows of flux data
# 12 columns of flux data
# 
# total cross-sectional flux  4.208333e+00 /m^2/yr
#
#                             +x ram      -x wake      +y port -y starboard    +z zenith     -z nadir        Earth          Sun     anti-Sun      rot (x)      rot (y)      rot (z) 
# average speed (km/s)         25.68        13.44        24.71        24.50        23.60        23.70        25.05        24.71        24.49        24.21        23.35        24.18 
# total flux (#/m2/yr)  1.034772e+00 2.142480e-01 1.696405e+00 1.683499e+00 8.081412e-01 8.444148e-01 1.818209e+00 1.697417e+00 1.682523e+00 3.895385e+00 2.236205e+00 3.748579e+00 
# velocity (km/s)
     0.5                0.000000e+00 0.000000e+00 0.000000e+00 0.000000e+00 0.000000e+00 0.000000e+00 0.000000e+00 0.000000e+00 0.000000e+00 0.000000e+00 0.000000e+00 0.000000e+00 
     1.5                0.000000e+00 0.000000e+00 0.000000e+00 0.000000e+00 0.000000e+00 0.000000e+00 0.000000e+00 0.000000e+00 0.000000e+00 0.000000e+00 0.000000e+00 0.000000e+00 
     2.5                1.800055e-04 0.000000e+00 2.493147e-05 2.055345e-05 5.589500e-06 1.789440e-05 8.044078e-05 2.514973e-05 2.033565e-05 5.227614e-05 1.820634e-04 1.870832e-04 
     3.5                5.939544e-04 5.046215e-05 1.512928e-04 1.364377e-04 1.691800e-04 1.230045e-04 2.855137e-04 1.520922e-04 1.359204e-04 4.492673e-04 7.315463e-04 7.198545e-04 
     4.5                1.627522e-03 3.534934e-04 4.556696e-04 5.755582e-04 4.161361e-04 4.214548e-04 7.808001e-04 4.569868e-04 5.737888e-04 1.476434e-03 2.217330e-03 2.336523e-03 
     5.5                5.382752e-03 1.128310e-03 2.003516e-03 2.242998e-03 1.630795e-03 1.560857e-03 3.032752e-03 2.008498e-03 2.237673e-03 5.852242e-03 7.607100e-03 8.251026e-03 
     6.5                7.439290e-03 3.199950e-03 3.882157e-03 4.146167e-03 2.961742e-03 3.050151e-03 4.952852e-03 3.887200e-03 4.140940e-03 1.101557e-02 1.285487e-02 1.432082e-02 
     7.5                1.271123e-02 6.998202e-03 7.511206e-03 7.792120e-03 5.943410e-03 5.998485e-03 9.175065e-03 7.518291e-03 7.785365e-03 2.139733e-02 2.456915e-02 2.714323e-02 
     8.5                1.565677e-02 1.453729e-02 1.199324e-02 1.243611e-02 8.664280e-03 8.852480e-03 1.303765e-02 1.199429e-02 1.243445e-02 3.294671e-02 3.736085e-02 4.253106e-02 
     9.5                1.938451e-02 1.905815e-02 1.765132e-02 1.812078e-02 1.278555e-02 1.301512e-02 1.813967e-02 1.765189e-02 1.812057e-02 4.832739e-02 4.985889e-02 5.738813e-02 
    10.5                2.236119e-02 2.008807e-02 2.310089e-02 2.432922e-02 1.631419e-02 1.664177e-02 2.358328e-02 2.310429e-02 2.432711e-02 6.309512e-02 5.789726e-02 6.889202e-02 
    11.5                2.499442e-02 2.046906e-02 3.006085e-02 3.040149e-02 1.984874e-02 2.046017e-02 3.058362e-02 3.006626e-02 3.039594e-02 7.903591e-02 6.587552e-02 8.149267e-02 
    12.5                2.357934e-02 1.917858e-02 3.359256e-02 3.445492e-02 2.134480e-02 2.223326e-02 3.379071e-02 3.359831e-02 3.445001e-02 8.754007e-02 6.646393e-02 8.590841e-02 
    13.5                2.594065e-02 1.870911e-02 3.984533e-02 4.074400e-02 2.457996e-02 2.492827e-02 4.039802e-02 3.985463e-02 4.073577e-02 1.019965e-01 7.286951e-02 9.824590e-02 
    14.5                2.692563e-02 1.754825e-02 4.438332e-02 4.598912e-02 2.574083e-02 2.728899e-02 4.525726e-02 4.439429e-02 4.597736e-02 1.123457e-01 7.605156e-02 1.069854e-01 
    15.5                2.541339e-02 1.586358e-02 5.015067e-02 5.129151e-02 2.747342e-02 2.842897e-02 5.061286e-02 5.016271e-02 5.128040e-02 1.231818e-01 7.602292e-02 1.145731e-01 
    16.5                2.713728e-02 1.444077e-02 5.496562e-02 5.510815e-02 2.870480e-02 3.015851e-02 5.635171e-02 5.498232e-02 5.509410e-02 1.321023e-01 7.962753e-02 1.240258e-01 
    17.5                2.702890e-02 1.227455e-02 5.928368e-02 6.059345e-02 3.036175e-02 3.147979e-02 6.052959e-02 5.930145e-02 6.057548e-02 1.419772e-01 8.066603e-02 1.315500e-01 
    18.5                2.456361e-02 1.033569e-02 6.347218e-02 6.382514e-02 3.087712e-02 3.235567e-02 6.442641e-02 6.348990e-02 6.380840e-02 1.486955e-01 7.894706e-02 1.363046e-01 
    19.5                2.646986e-02 8.046274e-03 6.662857e-02 6.732821e-02 3.270765e-02 3.361929e-02 6.823390e-02 6.665083e-02 6.730583e-02 1.560840e-01 8.169490e-02 1.431622e-01 
    20.5                2.358021e-02 5.819239e-03 6.817195e-02 6.865174e-02 3.197682e-02 3.357925e-02 6.955302e-02 6.819365e-02 6.863042e-02 1.575756e-01 7.793123e-02 1.434388e-01 
    21.5                2.497093e-02 3.642597e-03 7.074934e-02 7.123030e-02 3.295461e-02 3.393868e-02 7.279346e-02 7.077524e-02 7.120454e-02 1.623778e-01 7.902712e-02 1.485051e-01 
    22.5                2.708777e-02 1.856319e-03 7.415037e-02 7.425324e-02 3.381429e-02 3.530008e-02 7.695070e-02 7.418125e-02 7.422300e-02 1.688750e-01 8.139632e-02 1.549902e-01 
    23.5                2.710415e-02 5.875303e-04 7.481763e-02 7.508660e-02 3.378757e-02 3.499144e-02 7.776851e-02 7.484993e-02 7.505466e-02 1.696341e-01 7.974620e-02 1.553704e-01 
    24.5                3.057696e-02 6.204288e-05 7.560748e-02 7.531272e-02 3.367010e-02 3.504473e-02 7.933722e-02 7.564432e-02 7.527564e-02 1.701173e-01 8.074783e-02 1.569923e-01 
    25.5                3.380320e-02 5.253380e-07 7.586290e-02 7.517656e-02 3.329969e-02 3.485122e-02 8.036115e-02 7.590442e-02 7.513619e-02 1.695308e-01 8.094788e-02 1.573154e-01 
    26.5                3.610265e-02 0.000000e+00 7.491412e-02 7.398461e-02 3.274689e-02 3.417428e-02 7.986275e-02 7.495815e-02 7.394118e-02 1.665873e-01 8.009567e-02 1.551867e-01 
    27.5                3.773411e-02 0.000000e+00 7.231943e-02 7.152924e-02 3.148667e-02 3.285729e-02 7.773548e-02 7.236568e-02 7.148408e-02 1.604931e-01 7.804850e-02 1.503571e-01 
    28.5                3.969995e-02 0.000000e+00 7.068562e-02 6.924100e-02 3.045248e-02 3.195777e-02 7.655410e-02 7.073424e-02 6.919345e-02 1.557431e-01 7.692244e-02 1.467886e-01 
    29.5                4.110620e-02 0.000000e+00 6.762410e-02 6.644822e-02 2.912195e-02 3.052045e-02 7.388770e-02 6.767438e-02 6.639892e-02 1.489470e-01 7.493831e-02 1.412731e-01 
    30.5                4.159230e-02 0.000000e+00 6.387127e-02 6.281304e-02 2.754337e-02 2.865314e-02 7.033446e-02 6.392205e-02 6.276306e-02 1.404036e-01 7.192686e-02 1.341147e-01 
    31.5                4.166043e-02 0.000000e+00 6.002462e-02 5.840153e-02 2.557374e-02 2.692965e-02 6.670508e-02 6.007585e-02 5.835184e-02 1.310112e-01 6.864379e-02 1.261444e-01 
    32.5                4.129194e-02 0.000000e+00 5.551601e-02 5.392373e-02 2.360996e-02 2.484387e-02 6.226068e-02 5.556673e-02 5.387443e-02 1.208619e-01 6.499190e-02 1.174768e-01 
    33.5                4.004156e-02 0.000000e+00 5.029022e-02 4.877745e-02 2.135817e-02 2.249612e-02 5.695727e-02 5.033942e-02 4.872965e-02 1.092748e-01 6.044625e-02 1.072659e-01 
    34.5                3.782536e-02 0.000000e+00 4.491889e-02 4.324492e-02 1.895948e-02 2.005103e-02 5.134788e-02 4.496564e-02 4.320004e-02 9.714516e-02 5.516115e-02 9.624970e-02 
    35.5                3.481241e-02 0.000000e+00 3.927454e-02 3.753352e-02 1.645485e-02 1.753577e-02 4.527490e-02 3.931762e-02 3.749227e-02 8.453571e-02 4.925049e-02 8.454613e-02 
    36.5                3.218558e-02 0.000000e+00 3.425152e-02 3.231875e-02 1.418458e-02 1.527318e-02 3.992380e-02 3.429167e-02 3.228094e-02 7.318479e-02 4.407187e-02 7.411769e-02 
    37.5                2.858817e-02 0.000000e+00 2.858631e-02 2.751750e-02 1.208151e-02 1.273054e-02 3.361546e-02 2.862156e-02 2.748350e-02 6.161728e-02 3.815640e-02 6.308637e-02 
    38.5                2.516732e-02 0.000000e+00 2.418564e-02 2.260146e-02 9.928133e-03 1.076372e-02 2.873026e-02 2.421716e-02 2.257201e-02 5.134114e-02 3.278794e-02 5.321204e-02 
    39.5                2.096379e-02 0.000000e+00 1.904818e-02 1.794180e-02 7.883274e-03 8.472682e-03 2.285111e-02 1.907432e-02 1.791715e-02 4.055927e-02 2.671934e-02 4.257296e-02 
    40.5                1.687288e-02 0.000000e+00 1.472352e-02 1.346297e-02 5.923079e-03 6.542135e-03 1.785715e-02 1.474486e-02 1.344344e-02 3.088758e-02 2.105669e-02 3.288768e-02 
    41.5                1.265167e-02 0.000000e+00 1.054852e-02 9.654968e-03 4.251749e-03 4.686748e-03 1.291499e-02 1.056452e-02 9.640320e-03 2.212919e-02 1.553253e-02 2.385758e-02 
    42.5                9.273489e-03 0.000000e+00 7.434682e-03 6.677526e-03 2.940667e-03 3.298552e-03 9.198082e-03 7.446519e-03 6.666901e-03 1.544826e-02 1.119850e-02 1.689777e-02 
    43.5                6.196658e-03 0.000000e+00 4.828634e-03 4.185030e-03 1.845624e-03 2.142628e-03 6.034388e-03 4.836675e-03 4.178062e-03 9.865213e-03 7.378993e-03 1.094336e-02 
    44.5                3.704777e-03 0.000000e+00 2.772697e-03 2.386229e-03 1.052191e-03 1.228898e-03 3.499289e-03 2.777515e-03 2.382074e-03 5.643758e-03 4.354304e-03 6.353535e-03 
    45.5                1.911976e-03 0.000000e+00 1.418623e-03 1.140369e-03 5.029073e-04 6.281184e-04 1.808918e-03 1.421197e-03 1.138312e-03 2.798723e-03 2.222588e-03 3.195140e-03 
    46.5                6.776219e-04 0.000000e+00 5.027033e-04 3.713540e-04 1.640038e-04 2.228195e-04 6.462909e-04 5.036461e-04 3.706556e-04 9.560160e-04 7.804915e-04 1.106122e-03 
    47.5                1.701710e-04 0.000000e+00 1.283702e-04 8.418086e-05 3.719195e-05 5.679794e-05 1.665305e-04 1.286197e-04 8.401832e-05 2.324257e-04 1.944279e-04 2.722987e-04 
    48.5                2.736952e-05 0.000000e+00 2.046950e-05 1.289696e-05 5.700059e-06 9.053417e-06 2.671724e-05 2.051025e-05 1.287143e-05 3.648317e-05 3.109361e-05 4.315673e-05 
    49.5                0.000000e+00 0.000000e+00 0.000000e+00 0.000000e+00 0.000000e+00 0.000000e+00 0.000000e+00 0.000000e+00 0.000000e+00 0.000000e+00 0.000000e+00 0.000000e+00 
    50.5                0.000000e+00 0.000000e+00 0.000000e+00 0.000000e+00 0.000000e+00 0.000000e+00 0.000000e+00 0.000000e+00 0.000000e+00 0.000000e+00 0.000000e+00 0.000000e+00 
    51.5                0.000000e+00 0.000000e+00 0.000000e+00 0.000000e+00 0.000000e+00 0.000000e+00 0.000000e+00 0.000000e+00 0.000000e+00 0.000000e+00 0.000000e+00 0.000000e+00 
    52.5                0.000000e+00 0.000000e+00 0.000000e+00 0.000000e+00 0.000000e+00 0.000000e+00 0.000000e+00 0.000000e+00 0.000000e+00 0.000000e+00 0.000000e+00 0.000000e+00 
    53.5                0.000000e+00 0.000000e+00 0.000000e+00 0.000000e+00 0.000000e+00 0.000000e+00 0.000000e+00 0.000000e+00 0.000000e+00 0.000000e+00 0.000000e+00 0.000000e+00 
    54.5                0.000000e+00 0.000000e+00 0.000000e+00 0.000000e+00 0.000000e+00 0.000000e+00 0.000000e+00 0.000000e+00 0.000000e+00 0.000000e+00 0.000000e+00 0.000000e+00 
    55.5                0.000000e+00 0.000000e+00 0.000000e+00 0.000000e+00 0.000000e+00 0.000000e+00 0.000000e+00 0.000000e+00 0.000000e+00 0.000000e+00 0.000000e+00 0.000000e+00 
    56.5                0.000000e+00 0.000000e+00 0.000000e+00 0.000000e+00 0.000000e+00 0.000000e+00 0.000000e+00 0.000000e+00 0.000000e+00 0.000000e+00 0.000000e+00 0.000000e+00 
    57.5                0.000000e+00 0.000000e+00 0.000000e+00 0.000000e+00 0.000000e+00 0.000000e+00 0.000000e+00 0.000000e+00 0.000000e+00 0.000000e+00 0.000000e+00 0.000000e+00 
    58.5                0.000000e+00 0.000000e+00 0.000000e+00 0.000000e+00 0.000000e+00 0.000000e+00 0.000000e+00 0.000000e+00 0.000000e+00 0.000000e+00 0.000000e+00 0.000000e+00 
    59.5                0.000000e+00 0.000000e+00 0.000000e+00 0.000000e+00 0.000000e+00 0.000000e+00 0.000000e+00 0.000000e+00 0.000000e+00 0.000000e+00 0.000000e+00 0.000000e+00 
    60.5                0.000000e+00 0.000000e+00 0.000000e+00 0.000000e+00 0.000000e+00 0.000000e+00 0.000000e+00 0.000000e+00 0.000000e+00 0.000000e+00 0.000000e+00 0.000000e+00 
    61.5                0.000000e+00 0.000000e+00 0.000000e+00 0.000000e+00 0.000000e+00 0.000000e+00 0.000000e+00 0.000000e+00 0.000000e+00 0.000000e+00 0.000000e+00 0.000000e+00 
    62.5                0.000000e+00 0.000000e+00 0.000000e+00 0.000000e+00 0.000000e+00 0.000000e+00 0.000000e+00 0.000000e+00 0.000000e+00 0.000000e+00 0.000000e+00 0.000000e+00 
    63.5                0.000000e+00 0.000000e+00 0.000000e+00 0.000000e+00 0.000000e+00 0.000000e+00 0.000000e+00 0.000000e+00 0.000000e+00 0.000000e+00 0.000000e+00 0.000000e+00 
    64.5                0.000000e+00 0.000000e+00 0.000000e+00 0.000000e+00 0.000000e+00 0.000000e+00 0.000000e+00 0.000000e+00 0.000000e+00 0.000000e+00 0.000000e+00 0.000000e+00 
    65.5                0.000000e+00 0.000000e+00 0.000000e+00 0.000000e+00 0.000000e+00 0.000000e+00 0.000000e+00 0.000000e+00 0.000000e+00 0.000000e+00 0.000000e+00 0.000000e+00 
    66.5                0.000000e+00 0.000000e+00 0.000000e+00 0.000000e+00 0.000000e+00 0.000000e+00 0.000000e+00 0.000000e+00 0.000000e+00 0.000000e+00 0.000000e+00 0.000000e+00 
    67.5                0.000000e+00 0.000000e+00 0.000000e+00 0.000000e+00 0.000000e+00 0.000000e+00 0.000000e+00 0.000000e+00 0.000000e+00 0.000000e+00 0.000000e+00 0.000000e+00 
    68.5                0.000000e+00 0.000000e+00 0.000000e+00 0.000000e+00 0.000000e+00 0.000000e+00 0.000000e+00 0.000000e+00 0.000000e+00 0.000000e+00 0.000000e+00 0.000000e+00 
    69.5                0.000000e+00 0.000000e+00 0.000000e+00 0.000000e+00 0.000000e+00 0.000000e+00 0.000000e+00 0.000000e+00 0.000000e+00 0.000000e+00 0.000000e+00 0.000000e+00 
    70.5                0.000000e+00 0.000000e+00 0.000000e+00 0.000000e+00 0.000000e+00 0.000000e+00 0.000000e+00 0.000000e+00 0.000000e+00 0.000000e+00 0.000000e+00 0.000000e+00 
    71.5                0.000000e+00 0.000000e+00 0.000000e+00 0.000000e+00 0.000000e+00 0.000000e+00 0.000000e+00 0.000000e+00 0.000000e+00 0.000000e+00 0.000000e+00 0.000000e+00 
    72.5                0.000000e+00 0.000000e+00 0.000000e+00 0.000000e+00 0.000000e+00 0.000000e+00 0.000000e+00 0.000000e+00 0.000000e+00 0.000000e+00 0.000000e+00 0.000000e+00 
    73.5                0.000000e+00 0.000000e+00 0.000000e+00 0.000000e+00 0.000000e+00 0.000000e+00 0.000000e+00 0.000000e+00 0.000000e+00 0.000000e+00 0.000000e+00 0.000000e+00 
    74.5                0.000000e+00 0.000000e+00 0.000000e+00 0.000000e+00 0.000000e+00 0.000000e+00 0.000000e+00 0.000000e+00 0.000000e+00 0.000000e+00 0.000000e+00 0.000000e+00 
    75.5                0.000000e+00 0.000000e+00 0.000000e+00 0.000000e+00 0.000000e+00 0.000000e+00 0.000000e+00 0.000000e+00 0.000000e+00 0.000000e+00 0.000000e+00 0.000000e+00 
    76.5                0.000000e+00 0.000000e+00 0.000000e+00 0.000000e+00 0.000000e+00 0.000000e+00 0.000000e+00 0.000000e+00 0.000000e+00 0.000000e+00 0.000000e+00 0.000000e+00 
    77.5                0.000000e+00 0.000000e+00 0.000000e+00 0.000000e+00 0.000000e+00 0.000000e+00 0.000000e+00 0.000000e+00 0.000000e+00 0.000000e+00 0.000000e+00 0.000000e+00 
    78.5                0.000000e+00 0.000000e+00 0.000000e+00 0.000000e+00 0.000000e+00 0.000000e+00 0.000000e+00 0.000000e+00 0.000000e+00 0.000000e+00 0.000000e+00 0.000000e+00 
    79.5                0.000000e+00 0.000000e+00 0.000000e+00 0.000000e+00 0.000000e+00 0.000000e+00 0.000000e+00 0.000000e+00 0.000000e+00 0.000000e+00 0.000000e+00 0.000000e+00 


