# 80 rows of flux data
# 12 columns of flux data
# 
# total cross-sectional flux  4.141073e+00 /m^2/yr
#
#                             +x ram      -x wake      +y port -y starboard    +z zenith     -z nadir        Earth          Sun     anti-Sun      rot (x)      rot (y)      rot (z) 
# average speed (km/s)         25.48        13.47        24.50        24.51        23.51        23.60        24.44        24.50        24.52        24.12        23.22        24.07 
# total flux (#/m2/yr)  1.017100e+00 2.125574e-01 1.655849e+00 1.668434e+00 8.213809e-01 8.030672e-01 1.724642e+00 1.654879e+00 1.669405e+00 3.830266e+00 2.200117e+00 3.690676e+00 
# velocity (km/s)
     0.5                0.000000e+00 0.000000e+00 0.000000e+00 0.000000e+00 0.000000e+00 0.000000e+00 0.000000e+00 0.000000e+00 0.000000e+00 0.000000e+00 0.000000e+00 0.000000e+00 
     1.5                0.000000e+00 0.000000e+00 0.000000e+00 0.000000e+00 0.000000e+00 0.000000e+00 0.000000e+00 0.000000e+00 0.000000e+00 0.000000e+00 0.000000e+00 0.000000e+00 
     2.5                8.615787e-05 0.000000e+00 1.033511e-05 1.242988e-05 1.226592e-05 9.217611e-06 7.469771e-06 1.023122e-05 1.253376e-05 3.433053e-05 8.937976e-05 8.960946e-05 
     3.5                4.323012e-04 3.037744e-05 1.255237e-04 1.295286e-04 1.079773e-04 9.061259e-05 1.167878e-04 1.250660e-04 1.300401e-04 3.573486e-04 5.164516e-04 5.438991e-04 
     4.5                2.164279e-03 2.641188e-04 6.658382e-04 6.390574e-04 5.078723e-04 4.756536e-04 5.997915e-04 6.634465e-04 6.412481e-04 1.781056e-03 2.698204e-03 2.872408e-03 
     5.5                5.673618e-03 1.313845e-03 2.105224e-03 2.096221e-03 1.556359e-03 1.501222e-03 2.040826e-03 2.100110e-03 2.101621e-03 5.709313e-03 7.968724e-03 8.681576e-03 
     6.5                8.475889e-03 3.011714e-03 4.048808e-03 4.060202e-03 3.125464e-03 2.988337e-03 4.021767e-03 4.042172e-03 4.066743e-03 1.119598e-02 1.379242e-02 1.518699e-02 
     7.5                1.274903e-02 6.699423e-03 7.419067e-03 7.488919e-03 5.793888e-03 5.609349e-03 7.473730e-03 7.412005e-03 7.496445e-03 2.067640e-02 2.406572e-02 2.667301e-02 
     8.5                1.440580e-02 1.368731e-02 1.205807e-02 1.195538e-02 8.619304e-03 8.752245e-03 1.257129e-02 1.205718e-02 1.195622e-02 3.248518e-02 3.538669e-02 4.035016e-02 
     9.5                1.760839e-02 1.997497e-02 1.749252e-02 1.776135e-02 1.319627e-02 1.237717e-02 1.838204e-02 1.749569e-02 1.775882e-02 4.769955e-02 4.872404e-02 5.608070e-02 
    10.5                2.413350e-02 1.989313e-02 2.359131e-02 2.368319e-02 1.690031e-02 1.638911e-02 2.455498e-02 2.358661e-02 2.368871e-02 6.322801e-02 5.956780e-02 7.032686e-02 
    11.5                2.528131e-02 2.030115e-02 2.960511e-02 2.985976e-02 2.022626e-02 1.971530e-02 3.087324e-02 2.959984e-02 2.986650e-02 7.799191e-02 6.561978e-02 8.099552e-02 
    12.5                2.504946e-02 1.877443e-02 3.381113e-02 3.401408e-02 2.251944e-02 2.160462e-02 3.524608e-02 3.380334e-02 3.402143e-02 8.777731e-02 6.746101e-02 8.650205e-02 
    13.5                2.437088e-02 1.823650e-02 3.918909e-02 3.953925e-02 2.420663e-02 2.344938e-02 4.118207e-02 3.918182e-02 3.954677e-02 9.904221e-02 6.981610e-02 9.524004e-02 
    14.5                2.783595e-02 1.732656e-02 4.476067e-02 4.482089e-02 2.669228e-02 2.552339e-02 4.703176e-02 4.474791e-02 4.483347e-02 1.110997e-01 7.589916e-02 1.069938e-01 
    15.5                2.711950e-02 1.579101e-02 5.002641e-02 5.071998e-02 2.828707e-02 2.743364e-02 5.257426e-02 5.001269e-02 5.073357e-02 1.224695e-01 7.737072e-02 1.154450e-01 
    16.5                2.631679e-02 1.453219e-02 5.443572e-02 5.498762e-02 3.004012e-02 2.882751e-02 5.736786e-02 5.442152e-02 5.500184e-02 1.315737e-01 7.877514e-02 1.227937e-01 
    17.5                2.687247e-02 1.220754e-02 5.886805e-02 5.917892e-02 3.084964e-02 2.962198e-02 6.205303e-02 5.885022e-02 5.919645e-02 1.394492e-01 7.952872e-02 1.300210e-01 
    18.5                2.475822e-02 1.044430e-02 6.327288e-02 6.366412e-02 3.199439e-02 3.094730e-02 6.673694e-02 6.325535e-02 6.368110e-02 1.481626e-01 7.891051e-02 1.362827e-01 
    19.5                2.470421e-02 8.032643e-03 6.577736e-02 6.642210e-02 3.270103e-02 3.188006e-02 6.929600e-02 6.575737e-02 6.644231e-02 1.533579e-01 7.900175e-02 1.403808e-01 
    20.5                2.284569e-02 5.854059e-03 6.766662e-02 6.803016e-02 3.286251e-02 3.191182e-02 7.132787e-02 6.764595e-02 6.805047e-02 1.560347e-01 7.676010e-02 1.420694e-01 
    21.5                2.528399e-02 3.653999e-03 7.050428e-02 7.070142e-02 3.359621e-02 3.264615e-02 7.413788e-02 7.047794e-02 7.072724e-02 1.612546e-01 7.871059e-02 1.480130e-01 
    22.5                2.608158e-02 1.873398e-03 7.309835e-02 7.377922e-02 3.454772e-02 3.371125e-02 7.682094e-02 7.306916e-02 7.380840e-02 1.670146e-01 7.999363e-02 1.531924e-01 
    23.5                2.731727e-02 5.896220e-04 7.459704e-02 7.499553e-02 3.467571e-02 3.378782e-02 7.828555e-02 7.456461e-02 7.502755e-02 1.691060e-01 7.965282e-02 1.552463e-01 
    24.5                3.019754e-02 6.450607e-05 7.455900e-02 7.513240e-02 3.439993e-02 3.369596e-02 7.808534e-02 7.452261e-02 7.516867e-02 1.686301e-01 7.994797e-02 1.557003e-01 
    25.5                3.332603e-02 5.984765e-07 7.472035e-02 7.513342e-02 3.419385e-02 3.339476e-02 7.811709e-02 7.467996e-02 7.517339e-02 1.681127e-01 8.007129e-02 1.559432e-01 
    26.5                3.554118e-02 0.000000e+00 7.328600e-02 7.376943e-02 3.325579e-02 3.269769e-02 7.646767e-02 7.324300e-02 7.381214e-02 1.643976e-01 7.884399e-02 1.531898e-01 
    27.5                3.729169e-02 0.000000e+00 7.093162e-02 7.159004e-02 3.213530e-02 3.157273e-02 7.389622e-02 7.088662e-02 7.163496e-02 1.589400e-01 7.718418e-02 1.489106e-01 
    28.5                3.916891e-02 0.000000e+00 6.896965e-02 6.923814e-02 3.104893e-02 3.054783e-02 7.169138e-02 6.892228e-02 6.928522e-02 1.537695e-01 7.584470e-02 1.449151e-01 
    29.5                4.053366e-02 0.000000e+00 6.584674e-02 6.636497e-02 2.959244e-02 2.915804e-02 6.831127e-02 6.579780e-02 6.641378e-02 1.467986e-01 7.378123e-02 1.392816e-01 
    30.5                4.106617e-02 0.000000e+00 6.221314e-02 6.259807e-02 2.787834e-02 2.749737e-02 6.441055e-02 6.216351e-02 6.264747e-02 1.382946e-01 7.087876e-02 1.321284e-01 
    31.5                4.107961e-02 0.000000e+00 5.796332e-02 5.839429e-02 2.591431e-02 2.562911e-02 5.987780e-02 5.791375e-02 5.844378e-02 1.286569e-01 6.746372e-02 1.239838e-01 
    32.5                4.079935e-02 0.000000e+00 5.346337e-02 5.381359e-02 2.386496e-02 2.362974e-02 5.509237e-02 5.341410e-02 5.386271e-02 1.184364e-01 6.389488e-02 1.152765e-01 
    33.5                3.926318e-02 0.000000e+00 4.802001e-02 4.860820e-02 2.143658e-02 2.133336e-02 4.937093e-02 4.797278e-02 4.865565e-02 1.065583e-01 5.907382e-02 1.046978e-01 
    34.5                3.673770e-02 0.000000e+00 4.249204e-02 4.296306e-02 1.895398e-02 1.886297e-02 4.359375e-02 4.244782e-02 4.300742e-02 9.414119e-02 5.348498e-02 9.329351e-02 
    35.5                3.388110e-02 0.000000e+00 3.682321e-02 3.725152e-02 1.639505e-02 1.636378e-02 3.767960e-02 3.678245e-02 3.729246e-02 8.149642e-02 4.769283e-02 8.167570e-02 
    36.5                3.107018e-02 0.000000e+00 3.196627e-02 3.204750e-02 1.421964e-02 1.409514e-02 3.262714e-02 3.192875e-02 3.208490e-02 7.035328e-02 4.243827e-02 7.131046e-02 
    37.5                2.767734e-02 0.000000e+00 2.671998e-02 2.714900e-02 1.188682e-02 1.193954e-02 2.720192e-02 2.668676e-02 2.718252e-02 5.915153e-02 3.680093e-02 6.067722e-02 
    38.5                2.382488e-02 0.000000e+00 2.188340e-02 2.215080e-02 9.726307e-03 9.744608e-03 2.222301e-02 2.185477e-02 2.217962e-02 4.831019e-02 3.095286e-02 5.014174e-02 
    39.5                1.991518e-02 0.000000e+00 1.729484e-02 1.749965e-02 7.684156e-03 7.700820e-03 1.751314e-02 1.727090e-02 1.752373e-02 3.814520e-02 2.528284e-02 4.014345e-02 
    40.5                1.568072e-02 0.000000e+00 1.294321e-02 1.308017e-02 5.743981e-03 5.761682e-03 1.306980e-02 1.292436e-02 1.309914e-02 2.851306e-02 1.951801e-02 3.041473e-02 
    41.5                1.163315e-02 0.000000e+00 9.154651e-03 9.283077e-03 4.061912e-03 4.090069e-03 9.220383e-03 9.140694e-03 9.297174e-03 2.018973e-02 1.423975e-02 2.181760e-02 
    42.5                8.300798e-03 0.000000e+00 6.176527e-03 6.343579e-03 2.738964e-03 2.796579e-03 6.202244e-03 6.166627e-03 6.353696e-03 1.370403e-02 9.994807e-03 1.503142e-02 
    43.5                5.413517e-03 0.000000e+00 3.878333e-03 3.949128e-03 1.718984e-03 1.742242e-03 3.884363e-03 3.871854e-03 3.955703e-03 8.565274e-03 6.433082e-03 9.521142e-03 
    44.5                3.094789e-03 0.000000e+00 2.098595e-03 2.170834e-03 9.296693e-04 9.577262e-04 2.095334e-03 2.094920e-03 2.174621e-03 4.670168e-03 3.627549e-03 5.274798e-03 
    45.5                1.439898e-03 0.000000e+00 9.451882e-04 9.742709e-04 4.184290e-04 4.302035e-04 9.414905e-04 9.434755e-04 9.760304e-04 2.099312e-03 1.672130e-03 2.400010e-03 
    46.5                4.853059e-04 0.000000e+00 3.038245e-04 3.169792e-04 1.344878e-04 1.400431e-04 3.017698e-04 3.032512e-04 3.175762e-04 6.789043e-04 5.577058e-04 7.880746e-04 
    47.5                1.063870e-04 0.000000e+00 6.303789e-05 6.931114e-05 2.792764e-05 3.063212e-05 6.248910e-05 6.291558e-05 6.944536e-05 1.447328e-04 1.214505e-04 1.698173e-04 
    48.5                5.380057e-06 0.000000e+00 3.292860e-06 3.293206e-06 1.456316e-06 1.455812e-06 3.259882e-06 3.286370e-06 3.299691e-06 7.201282e-06 6.117749e-06 8.504237e-06 
    49.5                0.000000e+00 0.000000e+00 0.000000e+00 0.000000e+00 0.000000e+00 0.000000e+00 0.000000e+00 0.000000e+00 0.000000e+00 0.000000e+00 0.000000e+00 0.000000e+00 
    50.5                0.000000e+00 0.000000e+00 0.000000e+00 0.000000e+00 0.000000e+00 0.000000e+00 0.000000e+00 0.000000e+00 0.000000e+00 0.000000e+00 0.000000e+00 0.000000e+00 
    51.5                0.000000e+00 0.000000e+00 0.000000e+00 0.000000e+00 0.000000e+00 0.000000e+00 0.000000e+00 0.000000e+00 0.000000e+00 0.000000e+00 0.000000e+00 0.000000e+00 
    52.5                0.000000e+00 0.000000e+00 0.000000e+00 0.000000e+00 0.000000e+00 0.000000e+00 0.000000e+00 0.000000e+00 0.000000e+00 0.000000e+00 0.000000e+00 0.000000e+00 
    53.5                0.000000e+00 0.000000e+00 0.000000e+00 0.000000e+00 0.000000e+00 0.000000e+00 0.000000e+00 0.000000e+00 0.000000e+00 0.000000e+00 0.000000e+00 0.000000e+00 
    54.5                0.000000e+00 0.000000e+00 0.000000e+00 0.000000e+00 0.000000e+00 0.000000e+00 0.000000e+00 0.000000e+00 0.000000e+00 0.000000e+00 0.000000e+00 0.000000e+00 
    55.5                0.000000e+00 0.000000e+00 0.000000e+00 0.000000e+00 0.000000e+00 0.000000e+00 0.000000e+00 0.000000e+00 0.000000e+00 0.000000e+00 0.000000e+00 0.000000e+00 
    56.5                0.000000e+00 0.000000e+00 0.000000e+00 0.000000e+00 0.000000e+00 0.000000e+00 0.000000e+00 0.000000e+00 0.000000e+00 0.000000e+00 0.000000e+00 0.000000e+00 
    57.5                0.000000e+00 0.000000e+00 0.000000e+00 0.000000e+00 0.000000e+00 0.000000e+00 0.000000e+00 0.000000e+00 0.000000e+00 0.000000e+00 0.000000e+00 0.000000e+00 
    58.5                0.000000e+00 0.000000e+00 0.000000e+00 0.000000e+00 0.000000e+00 0.000000e+00 0.000000e+00 0.000000e+00 0.000000e+00 0.000000e+00 0.000000e+00 0.000000e+00 
    59.5                0.000000e+00 0.000000e+00 0.000000e+00 0.000000e+00 0.000000e+00 0.000000e+00 0.000000e+00 0.000000e+00 0.000000e+00 0.000000e+00 0.000000e+00 0.000000e+00 
    60.5                0.000000e+00 0.000000e+00 0.000000e+00 0.000000e+00 0.000000e+00 0.000000e+00 0.000000e+00 0.000000e+00 0.000000e+00 0.000000e+00 0.000000e+00 0.000000e+00 
    61.5                0.000000e+00 0.000000e+00 0.000000e+00 0.000000e+00 0.000000e+00 0.000000e+00 0.000000e+00 0.000000e+00 0.000000e+00 0.000000e+00 0.000000e+00 0.000000e+00 
    62.5                0.000000e+00 0.000000e+00 0.000000e+00 0.000000e+00 0.000000e+00 0.000000e+00 0.000000e+00 0.000000e+00 0.000000e+00 0.000000e+00 0.000000e+00 0.000000e+00 
    63.5                0.000000e+00 0.000000e+00 0.000000e+00 0.000000e+00 0.000000e+00 0.000000e+00 0.000000e+00 0.000000e+00 0.000000e+00 0.000000e+00 0.000000e+00 0.000000e+00 
    64.5                0.000000e+00 0.000000e+00 0.000000e+00 0.000000e+00 0.000000e+00 0.000000e+00 0.000000e+00 0.000000e+00 0.000000e+00 0.000000e+00 0.000000e+00 0.000000e+00 
    65.5                0.000000e+00 0.000000e+00 0.000000e+00 0.000000e+00 0.000000e+00 0.000000e+00 0.000000e+00 0.000000e+00 0.000000e+00 0.000000e+00 0.000000e+00 0.000000e+00 
    66.5                0.000000e+00 0.000000e+00 0.000000e+00 0.000000e+00 0.000000e+00 0.000000e+00 0.000000e+00 0.000000e+00 0.000000e+00 0.000000e+00 0.000000e+00 0.000000e+00 
    67.5                0.000000e+00 0.000000e+00 0.000000e+00 0.000000e+00 0.000000e+00 0.000000e+00 0.000000e+00 0.000000e+00 0.000000e+00 0.000000e+00 0.000000e+00 0.000000e+00 
    68.5                0.000000e+00 0.000000e+00 0.000000e+00 0.000000e+00 0.000000e+00 0.000000e+00 0.000000e+00 0.000000e+00 0.000000e+00 0.000000e+00 0.000000e+00 0.000000e+00 
    69.5                0.000000e+00 0.000000e+00 0.000000e+00 0.000000e+00 0.000000e+00 0.000000e+00 0.000000e+00 0.000000e+00 0.000000e+00 0.000000e+00 0.000000e+00 0.000000e+00 
    70.5                0.000000e+00 0.000000e+00 0.000000e+00 0.000000e+00 0.000000e+00 0.000000e+00 0.000000e+00 0.000000e+00 0.000000e+00 0.000000e+00 0.000000e+00 0.000000e+00 
    71.5                0.000000e+00 0.000000e+00 0.000000e+00 0.000000e+00 0.000000e+00 0.000000e+00 0.000000e+00 0.000000e+00 0.000000e+00 0.000000e+00 0.000000e+00 0.000000e+00 
    72.5                0.000000e+00 0.000000e+00 0.000000e+00 0.000000e+00 0.000000e+00 0.000000e+00 0.000000e+00 0.000000e+00 0.000000e+00 0.000000e+00 0.000000e+00 0.000000e+00 
    73.5                0.000000e+00 0.000000e+00 0.000000e+00 0.000000e+00 0.000000e+00 0.000000e+00 0.000000e+00 0.000000e+00 0.000000e+00 0.000000e+00 0.000000e+00 0.000000e+00 
    74.5                0.000000e+00 0.000000e+00 0.000000e+00 0.000000e+00 0.000000e+00 0.000000e+00 0.000000e+00 0.000000e+00 0.000000e+00 0.000000e+00 0.000000e+00 0.000000e+00 
    75.5                0.000000e+00 0.000000e+00 0.000000e+00 0.000000e+00 0.000000e+00 0.000000e+00 0.000000e+00 0.000000e+00 0.000000e+00 0.000000e+00 0.000000e+00 0.000000e+00 
    76.5                0.000000e+00 0.000000e+00 0.000000e+00 0.000000e+00 0.000000e+00 0.000000e+00 0.000000e+00 0.000000e+00 0.000000e+00 0.000000e+00 0.000000e+00 0.000000e+00 
    77.5                0.000000e+00 0.000000e+00 0.000000e+00 0.000000e+00 0.000000e+00 0.000000e+00 0.000000e+00 0.000000e+00 0.000000e+00 0.000000e+00 0.000000e+00 0.000000e+00 
    78.5                0.000000e+00 0.000000e+00 0.000000e+00 0.000000e+00 0.000000e+00 0.000000e+00 0.000000e+00 0.000000e+00 0.000000e+00 0.000000e+00 0.000000e+00 0.000000e+00 
    79.5                0.000000e+00 0.000000e+00 0.000000e+00 0.000000e+00 0.000000e+00 0.000000e+00 0.000000e+00 0.000000e+00 0.000000e+00 0.000000e+00 0.000000e+00 0.000000e+00 


