# 80 rows of flux data
# 12 columns of flux data
# 
# total cross-sectional flux  4.854817e+00 /m^2/yr
#
#                             +x ram      -x wake      +y port -y starboard    +z zenith     -z nadir        Earth          Sun     anti-Sun      rot (x)      rot (y)      rot (z) 
# average speed (km/s)         27.55        15.56        27.13        27.31        24.08        18.88        27.34        27.13        27.31        26.28        25.08        26.90 
# total flux (#/m2/yr)  1.367970e+00 1.040916e-01 1.825452e+00 1.845656e+00 2.146160e+00 6.265483e-03 1.818203e+00 1.822833e+00 1.848314e+00 4.518843e+00 2.831238e+00 4.099189e+00 
# velocity (km/s)
     0.5                0.000000e+00 0.000000e+00 0.000000e+00 0.000000e+00 0.000000e+00 0.000000e+00 0.000000e+00 0.000000e+00 0.000000e+00 0.000000e+00 0.000000e+00 0.000000e+00 
     1.5                0.000000e+00 0.000000e+00 0.000000e+00 0.000000e+00 0.000000e+00 0.000000e+00 0.000000e+00 0.000000e+00 0.000000e+00 0.000000e+00 0.000000e+00 0.000000e+00 
     2.5                0.000000e+00 0.000000e+00 0.000000e+00 0.000000e+00 0.000000e+00 0.000000e+00 0.000000e+00 0.000000e+00 0.000000e+00 0.000000e+00 0.000000e+00 0.000000e+00 
     3.5                0.000000e+00 1.209341e-05 3.592871e-06 4.325764e-06 5.595331e-06 0.000000e+00 2.300170e-06 3.618162e-06 4.300560e-06 9.704919e-06 1.332512e-05 1.446917e-05 
     4.5                2.713967e-04 3.861774e-05 1.134184e-04 8.514267e-05 1.164271e-04 2.718892e-05 1.284532e-04 1.129072e-04 8.560362e-05 2.682326e-04 3.519002e-04 3.805535e-04 
     5.5                9.519522e-04 1.410235e-04 2.275284e-04 2.390379e-04 5.944193e-04 2.919889e-05 2.801070e-04 2.257955e-04 2.406905e-04 8.736703e-04 1.303229e-03 1.266461e-03 
     6.5                1.406674e-03 4.348377e-04 7.168228e-04 5.907838e-04 8.860320e-04 6.914156e-05 7.709335e-04 7.146499e-04 5.926693e-04 1.742781e-03 2.187521e-03 2.419521e-03 
     7.5                3.153414e-03 1.099248e-03 1.491061e-03 1.401818e-03 2.988835e-03 1.401169e-04 1.542781e-03 1.486546e-03 1.405880e-03 4.695752e-03 5.564575e-03 5.544657e-03 
     8.5                4.691634e-03 2.238361e-03 2.901974e-03 2.790334e-03 5.142854e-03 2.322288e-04 2.878322e-03 2.896788e-03 2.795391e-03 8.467327e-03 9.334648e-03 9.679630e-03 
     9.5                7.457669e-03 3.753112e-03 4.936016e-03 4.918019e-03 1.032840e-02 3.330099e-04 4.809221e-03 4.928555e-03 4.926024e-03 1.586879e-02 1.625628e-02 1.625706e-02 
    10.5                9.268131e-03 5.335420e-03 7.445132e-03 7.216561e-03 1.498828e-02 3.305085e-04 7.143996e-03 7.436812e-03 7.224662e-03 2.298759e-02 2.227401e-02 2.235420e-02 
    11.5                1.339304e-02 6.237210e-03 1.032957e-02 1.021038e-02 2.244759e-02 3.014846e-04 9.985475e-03 1.031413e-02 1.022482e-02 3.321556e-02 3.165973e-02 3.085587e-02 
    12.5                1.726019e-02 7.534604e-03 1.501881e-02 1.436173e-02 3.259323e-02 2.951825e-04 1.440302e-02 1.499864e-02 1.438218e-02 4.763161e-02 4.327938e-02 4.163401e-02 
    13.5                2.056568e-02 8.655655e-03 1.981693e-02 1.957380e-02 4.253510e-02 3.078365e-04 1.890328e-02 1.979198e-02 1.959857e-02 6.257106e-02 5.461403e-02 5.309753e-02 
    14.5                2.654802e-02 9.736818e-03 2.557703e-02 2.496849e-02 5.467089e-02 2.494783e-04 2.460618e-02 2.554134e-02 2.500298e-02 8.033044e-02 6.952773e-02 6.783993e-02 
    15.5                2.973970e-02 1.014755e-02 3.163094e-02 3.132694e-02 6.704746e-02 2.775459e-04 3.026681e-02 3.158970e-02 3.136750e-02 9.919626e-02 8.259555e-02 8.071806e-02 
    16.5                3.482048e-02 1.006382e-02 3.909689e-02 3.833568e-02 8.010408e-02 3.091182e-04 3.750642e-02 3.904512e-02 3.838727e-02 1.199159e-01 9.730615e-02 9.674609e-02 
    17.5                3.699479e-02 9.571334e-03 4.543718e-02 4.510940e-02 8.793565e-02 2.481992e-04 4.363852e-02 4.538004e-02 4.516675e-02 1.351408e-01 1.056506e-01 1.093729e-01 
    18.5                4.060729e-02 9.008909e-03 5.297317e-02 5.225090e-02 1.004556e-01 2.504296e-04 5.097508e-02 5.290698e-02 5.231663e-02 1.560396e-01 1.194607e-01 1.253036e-01 
    19.5                3.998341e-02 7.432360e-03 6.021726e-02 5.884588e-02 1.044550e-01 2.552237e-04 5.796804e-02 6.014835e-02 5.891287e-02 1.689265e-01 1.224554e-01 1.363103e-01 
    20.5                4.389836e-02 5.715371e-03 6.593842e-02 6.559496e-02 1.126099e-01 2.417621e-04 6.371324e-02 6.585922e-02 6.567518e-02 1.847192e-01 1.315579e-01 1.503121e-01 
    21.5                4.356889e-02 3.957844e-03 7.318563e-02 7.265394e-02 1.172392e-01 2.270440e-04 7.079790e-02 7.310230e-02 7.273599e-02 1.986795e-01 1.352196e-01 1.617214e-01 
    22.5                4.380267e-02 2.135310e-03 7.935542e-02 7.857866e-02 1.180893e-01 2.637805e-04 7.695555e-02 7.926857e-02 7.866577e-02 2.084329e-01 1.357020e-01 1.716271e-01 
    23.5                4.653089e-02 7.486465e-04 8.462901e-02 8.447693e-02 1.199317e-01 2.228281e-04 8.243027e-02 8.453329e-02 8.457234e-02 2.185540e-01 1.381194e-01 1.826012e-01 
    24.5                4.761049e-02 9.215749e-05 8.796733e-02 8.777276e-02 1.161097e-01 2.111463e-04 8.599534e-02 8.786791e-02 8.787173e-02 2.212370e-01 1.339975e-01 1.877352e-01 
    25.5                5.033849e-02 1.263750e-06 9.013095e-02 9.089598e-02 1.132449e-01 1.924603e-04 8.846023e-02 9.002635e-02 9.100153e-02 2.237157e-01 1.316497e-01 1.925719e-01 
    26.5                5.335181e-02 0.000000e+00 9.237702e-02 9.211134e-02 1.076940e-01 1.755947e-04 9.114189e-02 9.226535e-02 9.222241e-02 2.229051e-01 1.272821e-01 1.958192e-01 
    27.5                5.608244e-02 0.000000e+00 9.320085e-02 9.360418e-02 1.011665e-01 1.682266e-04 9.242842e-02 9.308378e-02 9.372125e-02 2.206107e-01 1.221972e-01 1.980369e-01 
    28.5                5.780957e-02 0.000000e+00 9.144807e-02 9.298927e-02 9.369938e-02 1.554061e-04 9.112859e-02 9.132818e-02 9.311072e-02 2.142171e-01 1.159882e-01 1.956958e-01 
    29.5                6.072336e-02 0.000000e+00 9.161608e-02 9.193913e-02 8.738452e-02 1.298598e-04 9.180012e-02 9.148918e-02 9.206575e-02 2.100940e-01 1.120296e-01 1.953315e-01 
    30.5                6.059686e-02 0.000000e+00 8.731280e-02 8.890821e-02 7.841865e-02 1.095182e-04 8.786271e-02 8.718735e-02 8.903574e-02 1.983087e-01 1.039706e-01 1.877742e-01 
    31.5                6.061364e-02 0.000000e+00 8.329100e-02 8.464500e-02 6.927416e-02 1.089284e-04 8.427826e-02 8.316524e-02 8.477229e-02 1.861947e-01 9.633191e-02 1.796204e-01 
    32.5                5.979956e-02 0.000000e+00 7.808810e-02 7.983512e-02 6.045823e-02 8.948238e-05 7.942564e-02 7.796435e-02 7.996102e-02 1.729970e-01 8.883311e-02 1.697113e-01 
    33.5                5.856035e-02 0.000000e+00 7.220520e-02 7.404444e-02 5.127900e-02 7.373413e-05 7.388701e-02 7.208409e-02 7.416780e-02 1.579446e-01 8.108921e-02 1.582126e-01 
    34.5                5.607177e-02 0.000000e+00 6.533475e-02 6.794307e-02 4.326249e-02 6.333710e-05 6.720024e-02 6.521975e-02 6.806214e-02 1.424881e-01 7.359254e-02 1.451009e-01 
    35.5                5.149155e-02 0.000000e+00 5.741312e-02 5.941956e-02 3.512214e-02 5.044642e-05 5.935707e-02 5.730723e-02 5.952862e-02 1.237681e-01 6.452953e-02 1.280303e-01 
    36.5                4.682944e-02 0.000000e+00 4.964118e-02 5.155786e-02 2.767137e-02 3.927270e-05 5.160767e-02 4.954507e-02 5.165724e-02 1.061983e-01 5.607664e-02 1.117719e-01 
    37.5                4.197361e-02 0.000000e+00 4.231855e-02 4.435372e-02 2.126351e-02 2.857254e-05 4.423912e-02 4.223279e-02 4.444318e-02 9.010685e-02 4.827727e-02 9.647747e-02 
    38.5                3.634273e-02 0.000000e+00 3.482376e-02 3.682527e-02 1.583045e-02 1.996661e-05 3.660506e-02 3.474985e-02 3.690308e-02 7.396065e-02 4.049889e-02 8.045280e-02 
    39.5                3.054882e-02 0.000000e+00 2.778618e-02 2.956065e-02 1.132327e-02 1.727785e-05 2.937551e-02 2.772423e-02 2.962623e-02 5.885559e-02 3.315896e-02 6.505943e-02 
    40.5                2.468401e-02 0.000000e+00 2.130603e-02 2.302603e-02 7.708429e-03 7.630666e-06 2.264794e-02 2.125642e-02 2.307946e-02 4.522720e-02 2.621444e-02 5.078863e-02 
    41.5                1.872517e-02 0.000000e+00 1.538774e-02 1.670845e-02 4.840672e-03 6.025104e-06 1.645314e-02 1.535021e-02 1.674908e-02 3.259100e-02 1.954307e-02 3.718808e-02 
    42.5                1.309044e-02 0.000000e+00 1.020960e-02 1.133463e-02 2.789562e-03 3.779354e-06 1.097614e-02 1.018364e-02 1.136331e-02 2.178819e-02 1.348330e-02 2.522330e-02 
    43.5                8.874435e-03 0.000000e+00 6.532114e-03 7.454156e-03 1.461496e-03 1.990855e-06 7.063372e-03 6.514794e-03 7.473878e-03 1.408941e-02 9.035715e-03 1.657138e-02 
    44.5                5.187887e-03 0.000000e+00 3.640076e-03 4.205346e-03 6.686509e-04 9.840752e-07 3.957976e-03 3.630009e-03 4.216933e-03 7.888050e-03 5.249373e-03 9.408605e-03 
    45.5                2.589634e-03 0.000000e+00 1.697313e-03 2.055469e-03 2.489199e-04 3.280070e-07 1.855792e-03 1.692425e-03 2.061389e-03 3.770475e-03 2.610057e-03 4.561648e-03 
    46.5                9.262654e-04 0.000000e+00 5.568708e-04 7.411616e-04 6.551775e-05 1.904866e-07 6.118221e-04 5.552102e-04 7.433665e-04 1.303445e-03 9.316810e-04 1.595299e-03 
    47.5                2.046845e-04 0.000000e+00 1.110459e-04 1.669938e-04 8.044689e-06 1.743483e-08 1.225593e-04 1.107053e-04 1.675073e-04 2.782337e-04 2.049470e-04 3.452782e-04 
    48.5                2.870059e-05 0.000000e+00 1.400211e-05 2.420784e-05 4.764042e-07 6.537381e-10 1.550746e-05 1.395828e-05 2.428374e-05 3.821425e-05 2.870636e-05 4.778939e-05 
    49.5                0.000000e+00 0.000000e+00 0.000000e+00 0.000000e+00 0.000000e+00 0.000000e+00 0.000000e+00 0.000000e+00 0.000000e+00 0.000000e+00 0.000000e+00 0.000000e+00 
    50.5                0.000000e+00 0.000000e+00 0.000000e+00 0.000000e+00 0.000000e+00 0.000000e+00 0.000000e+00 0.000000e+00 0.000000e+00 0.000000e+00 0.000000e+00 0.000000e+00 
    51.5                0.000000e+00 0.000000e+00 0.000000e+00 0.000000e+00 0.000000e+00 0.000000e+00 0.000000e+00 0.000000e+00 0.000000e+00 0.000000e+00 0.000000e+00 0.000000e+00 
    52.5                0.000000e+00 0.000000e+00 0.000000e+00 0.000000e+00 0.000000e+00 0.000000e+00 0.000000e+00 0.000000e+00 0.000000e+00 0.000000e+00 0.000000e+00 0.000000e+00 
    53.5                0.000000e+00 0.000000e+00 0.000000e+00 0.000000e+00 0.000000e+00 0.000000e+00 0.000000e+00 0.000000e+00 0.000000e+00 0.000000e+00 0.000000e+00 0.000000e+00 
    54.5                0.000000e+00 0.000000e+00 0.000000e+00 0.000000e+00 0.000000e+00 0.000000e+00 0.000000e+00 0.000000e+00 0.000000e+00 0.000000e+00 0.000000e+00 0.000000e+00 
    55.5                0.000000e+00 0.000000e+00 0.000000e+00 0.000000e+00 0.000000e+00 0.000000e+00 0.000000e+00 0.000000e+00 0.000000e+00 0.000000e+00 0.000000e+00 0.000000e+00 
    56.5                0.000000e+00 0.000000e+00 0.000000e+00 0.000000e+00 0.000000e+00 0.000000e+00 0.000000e+00 0.000000e+00 0.000000e+00 0.000000e+00 0.000000e+00 0.000000e+00 
    57.5                0.000000e+00 0.000000e+00 0.000000e+00 0.000000e+00 0.000000e+00 0.000000e+00 0.000000e+00 0.000000e+00 0.000000e+00 0.000000e+00 0.000000e+00 0.000000e+00 
    58.5                0.000000e+00 0.000000e+00 0.000000e+00 0.000000e+00 0.000000e+00 0.000000e+00 0.000000e+00 0.000000e+00 0.000000e+00 0.000000e+00 0.000000e+00 0.000000e+00 
    59.5                0.000000e+00 0.000000e+00 0.000000e+00 0.000000e+00 0.000000e+00 0.000000e+00 0.000000e+00 0.000000e+00 0.000000e+00 0.000000e+00 0.000000e+00 0.000000e+00 
    60.5                0.000000e+00 0.000000e+00 0.000000e+00 0.000000e+00 0.000000e+00 0.000000e+00 0.000000e+00 0.000000e+00 0.000000e+00 0.000000e+00 0.000000e+00 0.000000e+00 
    61.5                0.000000e+00 0.000000e+00 0.000000e+00 0.000000e+00 0.000000e+00 0.000000e+00 0.000000e+00 0.000000e+00 0.000000e+00 0.000000e+00 0.000000e+00 0.000000e+00 
    62.5                0.000000e+00 0.000000e+00 0.000000e+00 0.000000e+00 0.000000e+00 0.000000e+00 0.000000e+00 0.000000e+00 0.000000e+00 0.000000e+00 0.000000e+00 0.000000e+00 
    63.5                0.000000e+00 0.000000e+00 0.000000e+00 0.000000e+00 0.000000e+00 0.000000e+00 0.000000e+00 0.000000e+00 0.000000e+00 0.000000e+00 0.000000e+00 0.000000e+00 
    64.5                0.000000e+00 0.000000e+00 0.000000e+00 0.000000e+00 0.000000e+00 0.000000e+00 0.000000e+00 0.000000e+00 0.000000e+00 0.000000e+00 0.000000e+00 0.000000e+00 
    65.5                0.000000e+00 0.000000e+00 0.000000e+00 0.000000e+00 0.000000e+00 0.000000e+00 0.000000e+00 0.000000e+00 0.000000e+00 0.000000e+00 0.000000e+00 0.000000e+00 
    66.5                0.000000e+00 0.000000e+00 0.000000e+00 0.000000e+00 0.000000e+00 0.000000e+00 0.000000e+00 0.000000e+00 0.000000e+00 0.000000e+00 0.000000e+00 0.000000e+00 
    67.5                0.000000e+00 0.000000e+00 0.000000e+00 0.000000e+00 0.000000e+00 0.000000e+00 0.000000e+00 0.000000e+00 0.000000e+00 0.000000e+00 0.000000e+00 0.000000e+00 
    68.5                0.000000e+00 0.000000e+00 0.000000e+00 0.000000e+00 0.000000e+00 0.000000e+00 0.000000e+00 0.000000e+00 0.000000e+00 0.000000e+00 0.000000e+00 0.000000e+00 
    69.5                0.000000e+00 0.000000e+00 0.000000e+00 0.000000e+00 0.000000e+00 0.000000e+00 0.000000e+00 0.000000e+00 0.000000e+00 0.000000e+00 0.000000e+00 0.000000e+00 
    70.5                0.000000e+00 0.000000e+00 0.000000e+00 0.000000e+00 0.000000e+00 0.000000e+00 0.000000e+00 0.000000e+00 0.000000e+00 0.000000e+00 0.000000e+00 0.000000e+00 
    71.5                0.000000e+00 0.000000e+00 0.000000e+00 0.000000e+00 0.000000e+00 0.000000e+00 0.000000e+00 0.000000e+00 0.000000e+00 0.000000e+00 0.000000e+00 0.000000e+00 
    72.5                0.000000e+00 0.000000e+00 0.000000e+00 0.000000e+00 0.000000e+00 0.000000e+00 0.000000e+00 0.000000e+00 0.000000e+00 0.000000e+00 0.000000e+00 0.000000e+00 
    73.5                0.000000e+00 0.000000e+00 0.000000e+00 0.000000e+00 0.000000e+00 0.000000e+00 0.000000e+00 0.000000e+00 0.000000e+00 0.000000e+00 0.000000e+00 0.000000e+00 
    74.5                0.000000e+00 0.000000e+00 0.000000e+00 0.000000e+00 0.000000e+00 0.000000e+00 0.000000e+00 0.000000e+00 0.000000e+00 0.000000e+00 0.000000e+00 0.000000e+00 
    75.5                0.000000e+00 0.000000e+00 0.000000e+00 0.000000e+00 0.000000e+00 0.000000e+00 0.000000e+00 0.000000e+00 0.000000e+00 0.000000e+00 0.000000e+00 0.000000e+00 
    76.5                0.000000e+00 0.000000e+00 0.000000e+00 0.000000e+00 0.000000e+00 0.000000e+00 0.000000e+00 0.000000e+00 0.000000e+00 0.000000e+00 0.000000e+00 0.000000e+00 
    77.5                0.000000e+00 0.000000e+00 0.000000e+00 0.000000e+00 0.000000e+00 0.000000e+00 0.000000e+00 0.000000e+00 0.000000e+00 0.000000e+00 0.000000e+00 0.000000e+00 
    78.5                0.000000e+00 0.000000e+00 0.000000e+00 0.000000e+00 0.000000e+00 0.000000e+00 0.000000e+00 0.000000e+00 0.000000e+00 0.000000e+00 0.000000e+00 0.000000e+00 
    79.5                0.000000e+00 0.000000e+00 0.000000e+00 0.000000e+00 0.000000e+00 0.000000e+00 0.000000e+00 0.000000e+00 0.000000e+00 0.000000e+00 0.000000e+00 0.000000e+00 


