




Julian Date (days)   sc_2_X (km)   sc_2_Y (km)   sc_2_Z (km)   sc_2_V_X (km/s)   sc_2_V_Y (km/s)   sc_2_V_Z (km/s)
2463964.00000   149954144.97931   -1244685.04008   634370.17484   0.12391   29.71156   -0.21410
2463964.36537   149955118.01493   -307682.92074   627605.83027   -0.06220   29.71253   -0.21489
2463964.73073   149950221.72802   629331.24099   620816.92088   -0.24832   29.71233   -0.21566
2463965.09610   149939455.84999   1566320.76795   614003.71048   -0.43445   29.71096   -0.21643
2463965.46146   149922820.34034   2503248.97818   607166.46388   -0.62057   29.70844   -0.21719
2463965.82683   149900315.38678   3440079.18630   600305.44686   -0.80668   29.70475   -0.21794
2463966.19219   149871941.40526   4376774.70495   593420.92616   -0.99278   29.69990   -0.21868
2463966.55756   149837699.04002   5313298.84618   586513.16948   -1.17885   29.69388   -0.21941
2463966.92292   149797589.16368   6249614.92287   579582.44547   -1.36489   29.68670   -0.22013
2463967.28829   149751612.87721   7185686.25010   572629.02372   -1.55090   29.67836   -0.22085
2463967.65365   149699771.51006   8121476.14662   565653.17472   -1.73685   29.66885   -0.22156
2463968.01902   149642066.62008   9056947.93621   558655.16992   -1.92276   29.65818   -0.22225
2463968.38438   149578499.99360   9992064.94911   551635.28164   -2.10860   29.64635   -0.22294
2463968.74975   149509073.64541   10926790.52344   544593.78311   -2.29438   29.63336   -0.22362
2463969.11512   149433789.81876   11861088.00660   537530.94844   -2.48008   29.61920   -0.22430
2463969.48048   149352650.98538   12794920.75667   530447.05263   -2.66570   29.60389   -0.22496
2463969.84585   149265659.84538   13728252.14387   523342.37153   -2.85123   29.58741   -0.22561
2463970.21121   149172819.32731   14661045.55193   516217.18184   -3.03666   29.56977   -0.22626
2463970.57658   149074132.58807   15593264.37950   509071.76113   -3.22199   29.55097   -0.22690
2463970.94194   148969603.01289   16524872.04160   501906.38779   -3.40721   29.53101   -0.22753
2463971.30731   148859234.21524   17455831.97103   494721.34101   -3.59231   29.50989   -0.22815
2463971.67267   148743030.03682   18386107.61975   487516.90084   -3.77729   29.48761   -0.22876
2463972.03804   148620994.54743   19315662.46032   480293.34809   -3.96213   29.46418   -0.22936
2463972.40340   148493132.04492   20244459.98732   473050.96438   -4.14683   29.43958   -0.22995
2463972.76877   148359447.05513   21172463.71877   465790.03213   -4.33139   29.41383   -0.23053
2463973.13413   148219944.33172   22099637.19753   458510.83449   -4.51579   29.38693   -0.23111
2463973.49950   148074628.85612   23025943.99270   451213.65541   -4.70003   29.35887   -0.23167
2463973.86486   147923505.83740   23951347.70110   443898.77956   -4.88410   29.32966   -0.23223
2463974.23023   147766580.71213   24875811.94860   436566.49236   -5.06800   29.29929   -0.23278
2463974.59560   147603859.14428   25799300.39160   429217.07996   -5.25171   29.26777   -0.23332
2463974.96096   147435347.02503   26721776.71843   421850.82923   -5.43523   29.23510   -0.23385
2463975.32633   147261050.47268   27643204.65075   414468.02774   -5.61855   29.20128   -0.23437
2463975.69169   147080975.83243   28563547.94498   407068.96375   -5.80167   29.16631   -0.23488
2463976.05706   146895129.67625   29482770.39371   399653.92622   -5.98458   29.13020   -0.23538
2463976.42242   146703518.80271   30400835.82710   392223.20477   -6.16727   29.09294   -0.23587
2463976.78779   146506150.23676   31317708.11433   384777.08968   -6.34973   29.05453   -0.23636
2463977.15315   146303031.22956   32233351.16498   377315.87191   -6.53196   29.01498   -0.23683
2463977.51852   146094169.25826   33147728.93044   369839.84302   -6.71394   28.97429   -0.23730
2463977.88388   145879572.02582   34060805.40535   362349.29522   -6.89568   28.93245   -0.23775
2463978.24925   145659247.46077   34972544.62901   354844.52134   -7.07717   28.88948   -0.23820
2463978.61461   145433203.71695   35882910.68674   347325.81482   -7.25839   28.84537   -0.23863
2463978.97998   145201449.17333   36791867.71137   339793.46968   -7.43934   28.80012   -0.23906
2463979.34535   144963992.43372   37699379.88457   332247.78055   -7.62002   28.75374   -0.23948
2463979.71071   144720842.32655   38605411.43833   324689.04259   -7.80041   28.70622   -0.23989
2463980.07608   144472007.90456   39509926.65629   317117.55157   -7.98051   28.65757   -0.24029
2463980.44144   144217498.44457   40412889.87522   309533.60379   -8.16032   28.60779   -0.24068
2463980.80681   143957323.44715   41314265.48639   301937.49609   -8.33982   28.55689   -0.24106
2463981.17217   143691492.63641   42214017.93696   294329.52583   -8.51901   28.50485   -0.24143
2463981.53754   143420015.95959   43112111.73142   286709.99091   -8.69788   28.45169   -0.24179
2463981.90290   143142903.58686   44008511.43297   279079.18971   -8.87642   28.39741   -0.24215
2463982.26827   142860165.91093   44903181.66490   271437.42111   -9.05463   28.34201   -0.24249
2463982.63363   142571813.54674   45796087.11204   263784.98449   -9.23250   28.28549   -0.24282
2463982.99900   142277857.33114   46687192.52212   256122.17968   -9.41002   28.22786   -0.24315
2463983.36436   141978308.32256   47576462.70718   248449.30698   -9.58719   28.16910   -0.24346
2463983.72973   141673177.80060   48463862.54493   240766.66714   -9.76400   28.10924   -0.24377
2463984.09510   141362477.26572   49349356.98023   233074.56133   -9.94044   28.04826   -0.24406
2463984.46046   141046218.43887   50232911.02637   225373.29117   -10.11650   27.98618   -0.24435
2463984.82583   140724413.26107   51114489.76656   217663.15868   -10.29218   27.92299   -0.24462
2463985.19119   140397073.89306   51994058.35524   209944.46627   -10.46748   27.85870   -0.24489
2463985.55656   140064212.71490   52871582.01952   202217.51677   -10.64237   27.79330   -0.24515
2463985.92192   139725842.32555   53747026.06055   194482.61335   -10.81687   27.72681   -0.24540
2463986.28729   139381975.54244   54620355.85489   186740.05957   -10.99095   27.65922   -0.24563
2463986.65265   139032625.40110   55491536.85588   178990.15935   -11.16462   27.59053   -0.24586
2463987.01802   138677805.15469   56360534.59508   171233.21694   -11.33786   27.52076   -0.24608
2463987.38338   138317528.27356   57227314.68357   163469.53692   -11.51068   27.44989   -0.24629
2463987.74875   137951808.44481   58091842.81337   155699.42420   -11.68305   27.37794   -0.24649
2463988.11411   137580659.57183   58954084.75881   147923.18398   -11.85498   27.30490   -0.24668
2463988.47948   137204095.77383   59814006.37790   140141.12179   -12.02646   27.23079   -0.24686
2463988.84484   136822131.38538   60671573.61366   132353.54340   -12.19748   27.15559   -0.24703
2463989.21021   136434780.95590   61526752.49554   124560.75488   -12.36804   27.07932   -0.24719
2463989.57558   136042059.24918   62379509.14076   116763.06256   -12.53813   27.00197   -0.24734
2463989.94094   135643981.24289   63229809.75566   108960.77300   -12.70773   26.92356   -0.24748
2463990.30631   135240562.12804   64077620.63709   101154.19301   -12.87686   26.84408   -0.24761
2463990.67167   134831817.30850   64922908.17373   93343.62962   -13.04549   26.76353   -0.24773
2463991.03704   134417762.40042   65765638.84745   85529.39009   -13.21362   26.68192   -0.24784
2463991.40240   133998413.23177   66605779.23468   77711.78184   -13.38125   26.59926   -0.24794
2463991.76777   133573785.84169   67443296.00777   69891.11252   -13.54836   26.51553   -0.24804
2463992.13313   133143896.48005   68278155.93626   62067.68993   -13.71496   26.43076   -0.24812
2463992.49850   132708761.60680   69110325.88833   54241.82205   -13.88103   26.34494   -0.24819
2463992.86386   132268397.89142   69939772.83204   46413.81699   -14.04657   26.25807   -0.24826
2463993.22923   131822822.21239   70766463.83673   38583.98303   -14.21157   26.17016   -0.24831
2463993.59459   131372051.65652   71590366.07435   30752.62855   -14.37602   26.08121   -0.24835
2463993.95996   130916103.51842   72411446.82074   22920.06207   -14.53993   25.99122   -0.24839
2463994.32533   130454995.29985   73229673.45700   15086.59219   -14.70327   25.90020   -0.24841
2463994.69069   129988744.70913   74045013.47083   7252.52763   -14.86605   25.80815   -0.24842
2463995.05606   129517369.66052   74857434.45780   -581.82285   -15.02826   25.71508   -0.24843
2463995.42142   129040888.27356   75666904.12269   -8416.15038   -15.18989   25.62098   -0.24842
2463995.78679   128559318.87245   76473390.28082   -16250.14606   -15.35094   25.52587   -0.24841
2463996.15215   128072679.98542   77276860.85935   -24083.50094   -15.51140   25.42974   -0.24838
2463996.51752   127580990.34401   78077283.89857   -31915.90604   -15.67126   25.33259   -0.24835
2463996.88288   127084268.88249   78874627.55323   -39747.05238   -15.83051   25.23444   -0.24830
2463997.24825   126582534.73709   79668860.09383   -47576.63093   -15.98916   25.13529   -0.24825
2463997.61361   126075807.24542   80459949.90789   -55404.33270   -16.14719   25.03513   -0.24818
2463997.97898   125564105.94568   81247865.50130   -63229.84872   -16.30459   24.93398   -0.24811
2463998.34434   125047450.57603   82032575.49956   -71052.87003   -16.46137   24.83184   -0.24802
2463998.70971   124525861.07384   82814048.64907   -78873.08773   -16.61751   24.72870   -0.24793
2463999.07508   123999357.57501   83592253.81843   -86690.19296   -16.77301   24.62458   -0.24783
2463999.44044   123467960.41319   84367159.99973   -94503.87693   -16.92787   24.51948   -0.24771
2463999.80581   122931690.11911   85138736.30976   -102313.83095   -17.08206   24.41340   -0.24759
2464000.17117   122390567.41979   85906951.99136   -110119.74639   -17.23560   24.30635   -0.24746
2464000.53654   121844613.23782   86671776.41462   -117921.31474   -17.38847   24.19833   -0.24731
2464000.90190   121293848.69057   87433179.07818   -125718.22762   -17.54067   24.08935   -0.24716
2464001.26727   120738295.08945   88191129.61047   -133510.17675   -17.69219   23.97940   -0.24700
2464001.63263   120177973.93912   88945597.77096   -141296.85400   -17.84303   23.86850   -0.24683
2464001.99800   119612906.93671   89696553.45142   -149077.95141   -17.99317   23.75664   -0.24665
2464002.36336   119043115.97103   90443966.67715   -156853.16117   -18.14262   23.64384   -0.24645
2464002.72873   118468623.12176   91187807.60824   -164622.17564   -18.29136   23.53009   -0.24625
2464003.09409   117889450.65867   91928046.54078   -172384.68739   -18.43940   23.41540   -0.24604
2464003.45946   117305621.04074   92664653.90810   -180140.38918   -18.58672   23.29978   -0.24582
2464003.82482   116717156.91542   93397600.28199   -187888.97397   -18.73331   23.18322   -0.24559
2464004.19019   116124081.11771   94126856.37394   -195630.13499   -18.87918   23.06574   -0.24535
2464004.55556   115526416.66940   94852393.03634   -203363.56566   -19.02432   22.94734   -0.24510
2464004.92092   114924186.77816   95574181.26368   -211088.95968   -19.16872   22.82802   -0.24484
2464005.28629   114317414.83671   96292192.19378   -218806.01101   -19.31238   22.70778   -0.24457
2464005.65165   113706124.42193   97006397.10898   -226514.41388   -19.45528   22.58664   -0.24429
2464006.01702   113090339.29402   97716767.43733   -234213.86280   -19.59743   22.46460   -0.24400
2464006.38238   112470083.39561   98423274.75380   -241904.05261   -19.73881   22.34165   -0.24370
2464006.74775   111845380.85084   99125890.78144   -249584.67843   -19.87943   22.21781   -0.24340
2464007.11311   111216255.96449   99824587.39259   -257255.43572   -20.01928   22.09309   -0.24308
2464007.47848   110582733.22108   100519336.61003   -264916.02028   -20.15834   21.96747   -0.24275
2464007.84384   109944837.28393   101210110.60817   -272566.12825   -20.29662   21.84098   -0.24241
2464008.20921   109302592.99426   101896881.71419   -280205.45614   -20.43411   21.71361   -0.24207
2464008.57457   108656025.37024   102579622.40924   -287833.70083   -20.57081   21.58537   -0.24171
2464008.93994   108005159.60608   103258305.32956   -295450.55959   -20.70670   21.45627   -0.24135
2464009.30531   107350021.07106   103932903.26763   -303055.73008   -20.84178   21.32631   -0.24097
2464009.67067   106690635.30859   104603389.17334   -310648.91038   -20.97605   21.19549   -0.24058
2464010.03604   106027028.03526   105269736.15509   -318229.79899   -21.10951   21.06382   -0.24019
2464010.40140   105359225.13983   105931917.48097   -325798.09485   -21.24214   20.93130   -0.23979
2464010.76677   104687252.68231   106589906.57984   -333353.49732   -21.37394   20.79795   -0.23937
2464011.13213   104011136.89292   107243677.04247   -340895.70627   -21.50490   20.66376   -0.23895
2464011.49750   103330904.17114   107893202.62267   -348424.42200   -21.63503   20.52874   -0.23852
2464011.86286   102646581.08471   108538457.23837   -355939.34530   -21.76431   20.39290   -0.23807
2464012.22823   101958194.36859   109179414.97273   -363440.17747   -21.89274   20.25624   -0.23762
2464012.59359   101265770.92397   109816050.07527   -370926.62032   -22.02032   20.11876   -0.23716
2464012.95896   100569337.81726   110448336.96291   -378398.37615   -22.14703   19.98048   -0.23669
2464013.32432   99868922.27903   111076250.22109   -385855.14784   -22.27288   19.84139   -0.23621
2464013.68969   99164551.70298   111699764.60483   -393296.63878   -22.39786   19.70150   -0.23572
2464014.05506   98456253.64495   112318855.03982   -400722.55291   -22.52196   19.56082   -0.23522
2464014.42042   97744055.82176   112933496.62348   -408132.59478   -22.64518   19.41936   -0.23472
2464014.78579   97027986.11027   113543664.62599   -415526.46948   -22.76751   19.27711   -0.23420
2464015.15115   96308072.54624   114149334.49141   -422903.88271   -22.88896   19.13409   -0.23367
2464015.51652   95584343.32326   114750481.83865   -430264.54078   -23.00950   18.99030   -0.23314
2464015.88188   94856826.79171   115347082.46258   -437608.15061   -23.12914   18.84574   -0.23259
2464016.24725   94125551.45763   115939112.33499   -444934.41974   -23.24788   18.70042   -0.23204
2464016.61261   93390545.98166   116526547.60572   -452243.05637   -23.36571   18.55435   -0.23147
2464016.97798   92651839.17791   117109364.60355   -459533.76933   -23.48262   18.40753   -0.23090
2464017.34334   91909460.01288   117687539.83735   -466806.26815   -23.59861   18.25997   -0.23032
2464017.70871   91163437.60429   118261049.99697   -474060.26300   -23.71367   18.11168   -0.22973
2464018.07407   90413801.22004   118829871.95432   -481295.46476   -23.82780   17.96265   -0.22913
2464018.43944   89660580.27701   119393982.76433   -488511.58501   -23.94100   17.81290   -0.22852
2464018.80480   88903804.33994   119953359.66594   -495708.33602   -24.05326   17.66243   -0.22790
2464019.17017   88143503.12031   120507980.08308   -502885.43082   -24.16457   17.51125   -0.22727
2464019.53554   87379706.47517   121057821.62566   -510042.58315   -24.27494   17.35936   -0.22663
2464019.90090   86612444.40598   121602862.09051   -517179.50750   -24.38435   17.20677   -0.22599
2464020.26627   85841747.05747   122143079.46235   -524295.91914   -24.49280   17.05348   -0.22533
2464020.63163   85067644.71642   122678451.91473   -531391.53408   -24.60029   16.89950   -0.22467
2464020.99700   84290167.81054   123208957.81102   -538466.06915   -24.70681   16.74485   -0.22399
2464021.36236   83509346.90727   123734575.70528   -545519.24194   -24.81236   16.58951   -0.22331
2464021.72773   82725212.71254   124255284.34324   -552550.77087   -24.91694   16.43350   -0.22262
2464022.09309   81937796.06965   124771062.66320   -559560.37517   -25.02053   16.27683   -0.22192
2464022.45846   81147127.95802   125281889.79695   -566547.77489   -25.12314   16.11950   -0.22121
2464022.82382   80353239.49198   125787745.07068   -573512.69095   -25.22477   15.96152   -0.22050
2464023.18919   79556161.91957   126288608.00587   -580454.84509   -25.32540   15.80289   -0.21977
2464023.55455   78755926.62131   126784458.32020   -587373.95994   -25.42503   15.64362   -0.21904
2464023.91992   77952565.10897   127275275.92842   -594269.75900   -25.52366   15.48372   -0.21829
2464024.28529   77146109.02434   127761040.94324   -601141.96663   -25.62128   15.32319   -0.21754
2464024.65065   76336590.13799   128241733.67618   -607990.30814   -25.71790   15.16204   -0.21678
2464025.01602   75524040.34799   128717334.63845   -614814.50971   -25.81350   15.00027   -0.21601
2464025.38138   74708491.67873   129187824.54180   -621614.29845   -25.90809   14.83790   -0.21523
2464025.74675   73889976.27957   129653184.29935   -628389.40242   -26.00165   14.67492   -0.21444
2464026.11211   73068526.42365   130113395.02646   -635139.55061   -26.09419   14.51135   -0.21365
2464026.47748   72244174.50655   130568438.04153   -641864.47297   -26.18570   14.34719   -0.21284
2464026.84284   71416953.04510   131018294.86684   -648563.90041   -26.27617   14.18245   -0.21203
2464027.20821   70586894.67599   131462947.22936   -655237.56484   -26.36561   14.01713   -0.21121
2464027.57357   69754032.15458   131902377.06154   -661885.19912   -26.45401   13.85124   -0.21038
2464027.93894   68918398.35353   132336566.50215   -668506.53716   -26.54136   13.68478   -0.20954
2464028.30430   68080026.26155   132765497.89700   -675101.31384   -26.62767   13.51777   -0.20870
2464028.66967   67238948.98207   133189153.79981   -681669.26509   -26.71293   13.35022   -0.20784
2464029.03504   66395199.73192   133607516.97291   -688210.12787   -26.79713   13.18211   -0.20698
2464029.40040   65548811.84004   134020570.38804   -694723.64016   -26.88027   13.01347   -0.20611
2464029.76577   64699818.74612   134428297.22710   -701209.54103   -26.96235   12.84430   -0.20523
2464030.13113   63848253.99931   134830680.88289   -707667.57060   -27.04336   12.67461   -0.20434
2464030.49650   62994151.25686   135227704.95986   -714097.47008   -27.12330   12.50440   -0.20344
2464030.86186   62137544.28280   135619353.27485   -720498.98174   -27.20218   12.33369   -0.20254
2464031.22723   61278466.94657   136005609.85779   -726871.84898   -27.27997   12.16246   -0.20163
2464031.59259   60416953.22169   136386458.95243   -733215.81631   -27.35669   11.99075   -0.20070
2464031.95796   59553037.18439   136761885.01704   -739530.62933   -27.43233   11.81854   -0.19978
2464032.32332   58686753.01228   137131872.72510   -745816.03481   -27.50688   11.64585   -0.19884
2464032.68869   57818134.98294   137496406.96602   -752071.78063   -27.58034   11.47268   -0.19790
2464033.05405   56947217.47259   137855472.84576   -758297.61585   -27.65271   11.29905   -0.19694
2464033.41942   56074034.95470   138209055.68758   -764493.29069   -27.72398   11.12495   -0.19598
2464033.78478   55198621.99860   138557141.03263   -770658.55651   -27.79416   10.95040   -0.19501
2464034.15015   54321013.26810   138899714.64065   -776793.16591   -27.86324   10.77540   -0.19404
2464034.51552   53441243.52011   139236762.49057   -782896.87264   -27.93121   10.59996   -0.19305
2464034.88088   52559347.60324   139568270.78119   -788969.43168   -27.99808   10.42409   -0.19206
2464035.24625   51675360.45640   139894225.93181   -795010.59921   -28.06383   10.24778   -0.19106
2464035.61161   50789317.10740   140214614.58279   -801020.13266   -28.12848   10.07106   -0.19006
2464035.97698   49901252.67153   140529423.59620   -806997.79066   -28.19201   9.89393   -0.18904
2464036.34234   49011202.35016   140838640.05644   -812943.33313   -28.25442   9.71639   -0.18802
2464036.70771   48119201.42931   141142251.27078   -818856.52121   -28.31572   9.53845   -0.18699
2464037.07307   47225285.27826   141440244.76996   -824737.11733   -28.37589   9.36011   -0.18595
2464037.43844   46329489.34808   141732608.30879   -830584.88519   -28.43493   9.18140   -0.18491
2464037.80380   45431849.17023   142019329.86667   -836399.58976   -28.49285   9.00230   -0.18386
2464038.16917   44532400.35510   142300397.64818   -842180.99735   -28.54963   8.82284   -0.18280
2464038.53453   43631178.59062   142575800.08357   -847928.87554   -28.60529   8.64301   -0.18173
2464038.89990   42728219.64076   142845525.82938   -853642.99323   -28.65980   8.46283   -0.18066
2464039.26527   41823559.34413   143109563.76889   -859323.12067   -28.71319   8.28229   -0.17957
2464039.63063   40917233.61247   143367903.01265   -864969.02942   -28.76543   8.10142   -0.17849
2464039.99600   40009278.42929   143620532.89903   -870580.49240   -28.81652   7.92021   -0.17739
2464040.36136   39099729.84832   143867442.99466   -876157.28389   -28.86648   7.73867   -0.17629
2464040.72673   38188623.99209   144108623.09496   -881699.17952   -28.91529   7.55682   -0.17518
2464041.09209   37275997.05047   144344063.22459   -887205.95631   -28.96294   7.37465   -0.17406
2464041.45746   36361885.27917   144573753.63793   -892677.39266   -29.00945   7.19217   -0.17294
2464041.82282   35446324.99832   144797684.81955   -898113.26837   -29.05481   7.00940   -0.17180
2464042.18819   34529352.59093   145015847.48464   -903513.36462   -29.09901   6.82634   -0.17067
2464042.55355   33611004.50146   145228232.57946   -908877.46404   -29.14205   6.64299   -0.16952
2464042.91892   32691317.23432   145434831.28177   -914205.35064   -29.18394   6.45937   -0.16837
2464043.28428   31770327.35237   145635635.00123   -919496.80991   -29.22466   6.27548   -0.16721
2464043.64965   30848071.47545   145830635.37986   -924751.62873   -29.26423   6.09132   -0.16605
2464044.01502   29924586.27888   146019824.29238   -929969.59548   -29.30263   5.90692   -0.16487
2464044.38038   28999908.49198   146203193.84664   -935150.49994   -29.33986   5.72226   -0.16370
2464044.74575   28074074.89653   146380736.38399   -940294.13342   -29.37593   5.53737   -0.16251
2464045.11111   27147122.32530   146552444.47966   -945400.28866   -29.41082   5.35225   -0.16132
2464045.47648   26219087.66057   146718310.94311   -950468.75991   -29.44455   5.16690   -0.16012
2464045.84184   25290007.83255   146878328.81837   -955499.34291   -29.47711   4.98133   -0.15892
2464046.20721   24359919.81794   147032491.38441   -960491.83489   -29.50849   4.79556   -0.15770
2464046.57257   23428860.63839   147180792.15546   -965446.03462   -29.53870   4.60958   -0.15649
2464046.93794   22496867.35895   147323224.88133   -970361.74236   -29.56773   4.42341   -0.15526
2464047.30330   21563977.08664   147459783.54771   -975238.75991   -29.59559   4.23705   -0.15403
2464047.66867   20630226.96884   147590462.37649   -980076.89061   -29.62226   4.05052   -0.15280
2464048.03403   19695654.19179   147715255.82605   -984875.93936   -29.64776   3.86381   -0.15156
2464048.39940   18760295.97912   147834158.59152   -989635.71259   -29.67207   3.67693   -0.15031
2464048.76476   17824189.59025   147947165.60508   -994356.01831   -29.69521   3.48990   -0.14905
2464049.13013   16887372.31889   148054272.03621   -999036.66608   -29.71716   3.30272   -0.14779
2464049.49550   15949881.49152   148155473.29194   -1003677.46707   -29.73792   3.11540   -0.14653
2464049.86086   15011754.46583   148250765.01708   -1008278.23401   -29.75750   2.92794   -0.14525
2464050.22623   14073028.62921   148340143.09446   -1012838.78125   -29.77590   2.74036   -0.14397
2464050.59159   13133741.39720   148423603.64517   -1017358.92471   -29.79311   2.55266   -0.14269
2464050.95696   12193930.21195   148501143.02874   -1021838.48196   -29.80913   2.36484   -0.14140
2464051.32232   11253632.54066   148572757.84336   -1026277.27217   -29.82396   2.17692   -0.14010
2464051.68769   10312885.87408   148638444.92605   -1030675.11613   -29.83760   1.98891   -0.13880
2464052.05305   9371727.72492   148698201.35287   -1035031.83627   -29.85006   1.80080   -0.13750
2464052.41842   8430195.62635   148752024.43907   -1039347.25668   -29.86132   1.61262   -0.13618
2464052.78378   7488327.13040   148799911.73923   -1043621.20308   -29.87139   1.42436   -0.13487
2464053.14915   6546159.80646   148841861.04745   -1047853.50285   -29.88027   1.23604   -0.13354
2464053.51451   5603731.23967   148877870.39748   -1052043.98504   -29.88796   1.04765   -0.13221
2464053.87988   4661079.02945   148907938.06280   -1056192.48038   -29.89445   0.85922   -0.13088
2464054.24525   3718240.78787   148932062.55681   -1060298.82126   -29.89976   0.67074   -0.12954
2464054.61061   2775254.13813   148950242.63289   -1064362.84177   -29.90387   0.48223   -0.12820
2464054.97598   1832156.71301   148962477.28451   -1068384.37770   -29.90678   0.29369   -0.12685
2464055.34134   888986.15330   148968765.74531   -1072363.26653   -29.90850   0.10512   -0.12549
2464055.70671   -54219.89376   148969107.48919   -1076299.34745   -29.90903   -0.08345   -0.12413
2464056.07207   -997423.77601   148963502.23037   -1080192.46138   -29.90837   -0.27203   -0.12277
2464056.43744   -1940587.83798   148951949.92345   -1084042.45094   -29.90651   -0.46061   -0.12140
2464056.80280   -2883674.42240   148934450.76342   -1087849.16049   -29.90345   -0.64918   -0.12002
2464057.16817   -3826645.87178   148911005.18577   -1091612.43613   -29.89921   -0.83773   -0.11864
2464057.53353   -4769464.52998   148881613.86644   -1095332.12570   -29.89376   -1.02625   -0.11726
2464057.89890   -5712092.74375   148846277.72186   -1099008.07879   -29.88713   -1.21474   -0.11587
2464058.26426   -6654492.86432   148804997.90896   -1102640.14674   -29.87930   -1.40320   -0.11447
2464058.62963   -7596627.24893   148757775.82517   -1106228.18265   -29.87027   -1.59160   -0.11308
2464058.99499   -8538458.26242   148704613.10837   -1109772.04141   -29.86006   -1.77995   -0.11167
2464059.36036   -9479948.27878   148645511.63692   -1113271.57966   -29.84865   -1.96823   -0.11027
2464059.72573   -10421059.68270   148580473.52953   -1116726.65583   -29.83605   -2.15645   -0.10885
2464060.09109   -11361754.87115   148509501.14532   -1120137.13014   -29.82225   -2.34458   -0.10744
2464060.45646   -12301996.25496   148432597.08366   -1123502.86460   -29.80727   -2.53263   -0.10602
2464060.82182   -13241746.26034   148349764.18418   -1126823.72303   -29.79109   -2.72058   -0.10459
2464061.18719   -14180967.33046   148261005.52664   -1130099.57105   -29.77372   -2.90844   -0.10316
2464061.55255   -15119621.92702   148166324.43086   -1133330.27607   -29.75516   -3.09618   -0.10173
2464061.91792   -16057672.53182   148065724.45660   -1136515.70735   -29.73542   -3.28381   -0.10029
2464062.28328   -16995081.64830   147959209.40347   -1139655.73595   -29.71448   -3.47131   -0.09885
2464062.64865   -17931811.80309   147846783.31080   -1142750.23477   -29.69236   -3.65868   -0.09740
2464063.01401   -18867825.54762   147728450.45751   -1145799.07854   -29.66905   -3.84591   -0.09595
2464063.37938   -19803085.45962   147604215.36195   -1148802.14383   -29.64455   -4.03300   -0.09450
2464063.74474   -20737554.14474   147474082.78175   -1151759.30906   -29.61887   -4.21993   -0.09304
2464064.11011   -21671194.23803   147338057.71370   -1154670.45448   -29.59200   -4.40670   -0.09158
2464064.47548   -22603968.40559   147196145.39349   -1157535.46223   -29.56395   -4.59329   -0.09012
2464064.84084   -23535839.34605   147048351.29562   -1160354.21627   -29.53472   -4.77972   -0.08865
2464065.20621   -24466769.79216   146894681.13311   -1163126.60246   -29.50431   -4.96595   -0.08718
2464065.57157   -25396722.51234   146735140.85737   -1165852.50852   -29.47271   -5.15199   -0.08570
2464065.93694   -26325660.31223   146569736.65795   -1168531.82403   -29.43994   -5.33784   -0.08422
2464066.30230   -27253546.03623   146398474.96232   -1171164.44046   -29.40599   -5.52347   -0.08274
2464066.66767   -28180342.56909   146221362.43560   -1173750.25118   -29.37086   -5.70889   -0.08125
2464067.03303   -29106012.83742   146038405.98037   -1176289.15143   -29.33456   -5.89409   -0.07976
2464067.39840   -30030519.81123   145849612.73636   -1178781.03835   -29.29709   -6.07906   -0.07827
2464067.76376   -30953826.50551   145654990.08023   -1181225.81099   -29.25844   -6.26379   -0.07678
2464068.12913   -31875895.98178   145454545.62522   -1183623.37028   -29.21863   -6.44827   -0.07528
2464068.49449   -32796691.34958   145248287.22095   -1185973.61907   -29.17764   -6.63251   -0.07377
2464068.85986   -33716175.76806   145036222.95302   -1188276.46214   -29.13549   -6.81648   -0.07227
2464069.22523   -34634312.44750   144818361.14278   -1190531.80615   -29.09217   -7.00018   -0.07076
2464069.59059   -35551064.65084   144594710.34698   -1192739.55971   -29.04768   -7.18361   -0.06925
2464069.95596   -36466395.69524   144365279.35744   -1194899.63334   -29.00204   -7.36676   -0.06774
2464070.32132   -37380268.95359   144130077.20067   -1197011.93949   -28.95523   -7.54962   -0.06622
2464070.68669   -38292647.85605   143889113.13760   -1199076.39254   -28.90727   -7.73217   -0.06470
2464071.05205   -39203495.89157   143642396.66313   -1201092.90881   -28.85814   -7.91443   -0.06318
2464071.41742   -40112776.60943   143389937.50582   -1203061.40655   -28.80787   -8.09637   -0.06166
2464071.78278   -41020453.62076   143131745.62748   -1204981.80598   -28.75644   -8.27800   -0.06013
2464072.14815   -41926490.60005   142867831.22278   -1206854.02922   -28.70386   -8.45929   -0.05860
2464072.51351   -42830851.28669   142598204.71882   -1208678.00039   -28.65013   -8.64025   -0.05707
2464072.87888   -43733499.48647   142322876.77477   -1210453.64552   -28.59525   -8.82087   -0.05554
2464073.24424   -44634399.07309   142041858.28141   -1212180.89263   -28.53923   -9.00114   -0.05400
2464073.60961   -45533513.98970   141755160.36069   -1213859.67168   -28.48207   -9.18106   -0.05246
2464073.97497   -46430808.25036   141462794.36531   -1215489.91460   -28.42377   -9.36061   -0.05092
2464074.34034   -47326245.94161   141164771.87825   -1217071.55527   -28.36433   -9.53979   -0.04938
2464074.70571   -48219791.22389   140861104.71228   -1218604.52957   -28.30375   -9.71859   -0.04784
2464075.07107   -49111408.33313   140551804.90954   -1220088.77532   -28.24204   -9.89701   -0.04629
2464075.43644   -50001061.58217   140236884.74101   -1221524.23234   -28.17921   -10.07503   -0.04474
2464075.80180   -50888715.36230   139916356.70603   -1222910.84239   -28.11524   -10.25266   -0.04319
2464076.16717   -51774334.14473   139590233.53179   -1224248.54926   -28.05015   -10.42987   -0.04164
2464076.53253   -52657882.48208   139258528.17282   -1225537.29868   -27.98393   -10.60667   -0.04009
2464076.89790   -53539325.00988   138921253.81046   -1226777.03838   -27.91660   -10.78305   -0.03853
2464077.26326   -54418626.44800   138578423.85233   -1227967.71807   -27.84815   -10.95901   -0.03698
2464077.62863   -55295751.60220   138230051.93175   -1229109.28946   -27.77858   -11.13452   -0.03542
2464077.99399   -56170665.36553   137876151.90723   -1230201.70624   -27.70790   -11.30960   -0.03386
2464078.35936   -57043332.71986   137516737.86190   -1231244.92411   -27.63611   -11.48422   -0.03230
2464078.72472   -57913718.73728   137151824.10289   -1232238.90073   -27.56322   -11.65838   -0.03074
2464079.09009   -58781788.58164   136781425.16079   -1233183.59579   -27.48922   -11.83209   -0.02917
2464079.45546   -59647507.50993   136405555.78904   -1234078.97097   -27.41413   -12.00531   -0.02761
2464079.82082   -60510840.87380   136024230.96331   -1234924.98994   -27.33793   -12.17807   -0.02604
2464080.18619   -61371754.12095   135637465.88090   -1235721.61838   -27.26064   -12.35033   -0.02448
2464080.55155   -62230212.79662   135245275.96010   -1236468.82397   -27.18227   -12.52211   -0.02291
2464080.91692   -63086182.54500   134847676.83959   -1237166.57639   -27.10280   -12.69338   -0.02134
2464081.28228   -63939629.11071   134444684.37776   -1237814.84734   -27.02225   -12.86415   -0.01977
2464081.64765   -64790518.34016   134036314.65205   -1238413.61052   -26.94061   -13.03440   -0.01820
2464082.01301   -65638816.18307   133622583.95832   -1238962.84163   -26.85790   -13.20414   -0.01663
2464082.37838   -66484488.69381   133203508.81016   -1239462.51839   -26.77412   -13.37335   -0.01506
2464082.74374   -67327502.03286   132779105.93818   -1239912.62052   -26.68926   -13.54202   -0.01349
2464083.10911   -68167822.46824   132349392.28936   -1240313.12977   -26.60333   -13.71015   -0.01191
2464083.47447   -69005416.37687   131914385.02634   -1240664.02987   -26.51635   -13.87774   -0.01034
2464083.83984   -69840250.24602   131474101.52667   -1240965.30661   -26.42829   -14.04477   -0.00877
2464084.20521   -70672290.67470   131028559.38212   -1241216.94774   -26.33919   -14.21124   -0.00719
2464084.57057   -71501504.37503   130577776.39796   -1241418.94306   -26.24903   -14.37714   -0.00562
2464084.93594   -72327858.17366   130121770.59220   -1241571.28438   -26.15781   -14.54246   -0.00404
2464085.30130   -73151319.01316   129660560.19482   -1241673.96551   -26.06556   -14.70721   -0.00247
2464085.66667   -73971853.95335   129194163.64705   -1241726.98229   -25.97226   -14.87137   -0.00089
2464086.03203   -74789430.17275   128722599.60060   -1241730.33256   -25.87792   -15.03493   0.00068
2464086.39740   -75604014.96989   128245886.91683   -1241684.01619   -25.78254   -15.19789   0.00226
2464086.76276   -76415575.76469   127764044.66604   -1241588.03506   -25.68614   -15.36024   0.00383
2464087.12813   -77224080.09984   127277092.12661   -1241442.39306   -25.58870   -15.52198   0.00541
2464087.49349   -78029495.64213   126785048.78422   -1241247.09611   -25.49025   -15.68310   0.00698
2464087.85886   -78831790.18381   126287934.33104   -1241002.15212   -25.39077   -15.84359   0.00855
2464088.22422   -79630931.64393   125785768.66490   -1240707.57103   -25.29028   -16.00344   0.01013
2464088.58959   -80426888.06967   125278571.88846   -1240363.36481   -25.18878   -16.16266   0.01170
2464088.95495   -81219627.63769   124766364.30836   -1239969.54741   -25.08627   -16.32123   0.01327
2464089.32032   -82009118.65544   124249166.43438   -1239526.13481   -24.98276   -16.47914   0.01485
2464089.68569   -82795329.56248   123726998.97856   -1239033.14501   -24.87825   -16.63639   0.01642
2464090.05105   -83578228.93182   123199882.85438   -1238490.59800   -24.77274   -16.79298   0.01799
2464090.41642   -84357785.47118   122667839.17582   -1237898.51580   -24.66625   -16.94890   0.01956
2464090.78178   -85133968.02433   122130889.25652   -1237256.92243   -24.55876   -17.10413   0.02113
2464091.14715   -85906745.57238   121589054.60885   -1236565.84392   -24.45030   -17.25868   0.02270
2464091.51251   -86676087.23507   121042356.94307   -1235825.30832   -24.34086   -17.41254   0.02427
2464091.87788   -87441962.27205   120490818.16632   -1235035.34565   -24.23045   -17.56570   0.02583
2464092.24324   -88204340.08413   119934460.38179   -1234195.98798   -24.11907   -17.71816   0.02740
2464092.60861   -88963190.21462   119373305.88774   -1233307.26936   -24.00673   -17.86991   0.02896
2464092.97397   -89718482.35053   118807377.17657   -1232369.22583   -23.89343   -18.02094   0.03053
2464093.33934   -90470186.32386   118236696.93390   -1231381.89545   -23.77917   -18.17125   0.03209
2464093.70470   -91218272.11285   117661288.03758   -1230345.31828   -23.66396   -18.32083   0.03365
2464094.07007   -91962709.84320   117081173.55673   -1229259.53636   -23.54781   -18.46967   0.03521
2464094.43544   -92703469.78936   116496376.75082   -1228124.59374   -23.43072   -18.61778   0.03677
2464094.80080   -93440522.37571   115906921.06861   -1226940.53645   -23.31269   -18.76513   0.03832
2464095.16617   -94173838.17781   115312830.14723   -1225707.41253   -23.19374   -18.91174   0.03988
2464095.53153   -94903387.92363   114714127.81114   -1224425.27199   -23.07385   -19.05759   0.04143
2464095.89690   -95629142.49473   114110838.07116   -1223094.16683   -22.95305   -19.20267   0.04298
2464096.26226   -96351072.92749   113502985.12341   -1221714.15104   -22.83133   -19.34698   0.04453
2464096.62763   -97069150.41433   112890593.34837   -1220285.28060   -22.70870   -19.49052   0.04608
2464096.99299   -97783346.30482   112273687.30974   -1218807.61345   -22.58516   -19.63327   0.04763
2464097.35836   -98493632.10696   111652291.75353   -1217281.20951   -22.46072   -19.77524   0.04917
2464097.72372   -99199979.48829   111026431.60690   -1215706.13070   -22.33539   -19.91642   0.05072
2464098.08909   -99902360.27710   110396131.97720   -1214082.44088   -22.20916   -20.05679   0.05226
2464098.45445   -100600746.46357   109761418.15083   -1212410.20589   -22.08205   -20.19636   0.05380
2464098.81982   -101295110.20093   109122315.59224   -1210689.49354   -21.95406   -20.33512   0.05533
2464099.18519   -101985423.80662   108478849.94282   -1208920.37361   -21.82520   -20.47307   0.05687
2464099.55055   -102671659.76339   107831047.01983   -1207102.91781   -21.69546   -20.61019   0.05840
2464099.91592   -103353790.72051   107178932.81531   -1205237.19985   -21.56486   -20.74648   0.05993
2464100.28128   -104031789.49481   106522533.49495   -1203323.29536   -21.43340   -20.88195   0.06145
2464100.64665   -104705629.07187   105861875.39704   -1201361.28192   -21.30108   -21.01657   0.06298
2464101.01201   -105375282.60706   105196985.03132   -1199351.23908   -21.16792   -21.15036   0.06450
2464101.37738   -106040723.42671   104527889.07787   -1197293.24833   -21.03392   -21.28329   0.06602
2464101.74274   -106701925.02916   103854614.38598   -1195187.39307   -20.89907   -21.41537   0.06753
2464102.10811   -107358861.08589   103177187.97302   -1193033.75866   -20.76340   -21.54659   0.06905
2464102.47347   -108011505.44253   102495637.02329   -1190832.43241   -20.62690   -21.67694   0.07056
2464102.83884   -108659832.12002   101809988.88690   -1188583.50351   -20.48957   -21.80643   0.07207
2464103.20420   -109303815.31559   101120271.07856   -1186287.06312   -20.35144   -21.93504   0.07357
2464103.56957   -109943429.40389   100426511.27648   -1183943.20429   -20.21249   -22.06277   0.07507
2464103.93493   -110578648.93796   99728737.32115   -1181552.02202   -20.07274   -22.18962   0.07657
2464104.30030   -111209448.65036   99026977.21419   -1179113.61318   -19.93219   -22.31557   0.07807
2464104.66567   -111835803.45412   98321259.11717   -1176628.07658   -19.79084   -22.44063   0.07956
2464105.03103   -112457688.44382   97611611.35039   -1174095.51291   -19.64871   -22.56479   0.08105
2464105.39640   -113075078.89656   96898062.39172   -1171516.02480   -19.50580   -22.68804   0.08254
2464105.76176   -113687950.27300   96180640.87537   -1168889.71672   -19.36212   -22.81038   0.08402
2464106.12713   -114296278.21837   95459375.59070   -1166216.69507   -19.21766   -22.93181   0.08550
2464106.49249   -114900038.56342   94734295.48099   -1163497.06813   -19.07244   -23.05232   0.08698
2464106.85786   -115499207.32543   94005429.64223   -1160730.94605   -18.92647   -23.17190   0.08845
2464107.22322   -116093760.70916   93272807.32186   -1157918.44085   -18.77974   -23.29055   0.08992
2464107.58859   -116683675.10785   92536457.91757   -1155059.66644   -18.63226   -23.40827   0.09138
2464107.95395   -117268927.10417   91796410.97605   -1152154.73859   -18.48405   -23.52505   0.09285
2464108.31932   -117849493.47113   91052696.19173   -1149203.77494   -18.33510   -23.64088   0.09430
2464108.68468   -118425351.17306   90305343.40554   -1146206.89495   -18.18543   -23.75576   0.09576
2464109.05005   -118996477.36654   89554382.60363   -1143164.21997   -18.03504   -23.86970   0.09721
2464109.41542   -119562849.40130   88799843.91612   -1140075.87318   -17.88392   -23.98267   0.09865
2464109.78078   -120124444.82115   88041757.61583   -1136941.97961   -17.73211   -24.09468   0.10010
2464110.14615   -120681241.36487   87280154.11699   -1133762.66611   -17.57958   -24.20573   0.10153
2464110.51151   -121233216.96713   86515063.97396   -1130538.06136   -17.42636   -24.31581   0.10297
2464110.87688   -121780349.75937   85746517.87996   -1127268.29587   -17.27246   -24.42490   0.10440
2464111.24224   -122322618.07065   84974546.66574   -1123953.50198   -17.11786   -24.53302   0.10582
2464111.60761   -122860000.42857   84199181.29829   -1120593.81381   -16.96259   -24.64016   0.10725
2464111.97297   -123392475.56008   83420452.87956   -1117189.36732   -16.80665   -24.74631   0.10866
2464112.33834   -123920022.39240   82638392.64511   -1113740.30025   -16.65004   -24.85146   0.11008
2464112.70370   -124442620.05376   81853031.96283   -1110246.75215   -16.49278   -24.95562   0.11148
2464113.06907   -124960247.87434   81064402.33158   -1106708.86433   -16.33486   -25.05878   0.11289
2464113.43443   -125472885.38704   80272535.37989   -1103126.77990   -16.17629   -25.16093   0.11429
2464113.79980   -125980512.32828   79477462.86460   -1099500.64377   -16.01709   -25.26207   0.11568
2464114.16517   -126483108.63887   78679216.66956   -1095830.60257   -15.85725   -25.36220   0.11707
2464114.53053   -126980654.46474   77877828.80426   -1092116.80473   -15.69679   -25.46131   0.11846
2464114.89590   -127473130.15776   77073331.40247   -1088359.40043   -15.53571   -25.55941   0.11984
2464115.26126   -127960516.27655   76265756.72092   -1084558.54159   -15.37401   -25.65647   0.12121
2464115.62663   -128442793.58717   75455137.13792   -1080714.38187   -15.21171   -25.75251   0.12258
2464115.99199   -128919943.06395   74641505.15199   -1076827.07669   -15.04881   -25.84752   0.12395
2464116.35736   -129391945.89024   73824893.38052   -1072896.78318   -14.88531   -25.94149   0.12531
2464116.72272   -129858783.45908   73005334.55836   -1068923.66020   -14.72123   -26.03442   0.12666
2464117.08809   -130320437.37403   72182861.53649   -1064907.86833   -14.55657   -26.12630   0.12801
2464117.45345   -130776889.44983   71357507.28058   -1060849.56985   -14.39134   -26.21714   0.12936
2464117.81882   -131228121.71313   70529304.86967   -1056748.92875   -14.22553   -26.30693   0.13070
2464118.18418   -131674116.40319   69698287.49471   -1052606.11071   -14.05917   -26.39567   0.13203
2464118.54955   -132114855.97259   68864488.45721   -1048421.28311   -13.89226   -26.48334   0.13336
2464118.91491   -132550323.08790   68027941.16786   -1044194.61499   -13.72480   -26.56996   0.13469
2464119.28028   -132980500.63036   67188679.14504   -1039926.27709   -13.55680   -26.65551   0.13601
2464119.64565   -133405371.69655   66346736.01352   -1035616.44179   -13.38826   -26.73999   0.13732
2464120.01101   -133824919.59903   65502145.50296   -1031265.28314   -13.21920   -26.82341   0.13863
2464120.37638   -134239127.86704   64654941.44656   -1026872.97686   -13.04963   -26.90574   0.13993
2464120.74174   -134647980.24705   63805157.77960   -1022439.70027   -12.87954   -26.98700   0.14123
2464121.10711   -135051460.70346   62952828.53801   -1017965.63237   -12.70894   -27.06718   0.14252
2464121.47247   -135449553.41920   62097987.85700   -1013450.95376   -12.53785   -27.14628   0.14380
2464121.83784   -135842242.79633   61240669.96955   -1008895.84668   -12.36627   -27.22429   0.14508
2464122.20320   -136229513.45662   60380909.20505   -1004300.49496   -12.19420   -27.30120   0.14635
2464122.56857   -136611350.24218   59518739.98778   -999665.08406   -12.02165   -27.37703   0.14762
2464122.93393   -136987738.21603   58654196.83558   -994989.80101   -11.84864   -27.45176   0.14888
2464123.29930   -137358662.66263   57787314.35828   -990274.83446   -11.67516   -27.52539   0.15014
2464123.66466   -137724109.08848   56918127.25634   -985520.37460   -11.50123   -27.59791   0.15139
2464124.03003   -138084063.22268   56046670.31937   -980726.61324   -11.32684   -27.66934   0.15263
2464124.39540   -138438511.01741   55172978.42466   -975893.74371   -11.15202   -27.73965   0.15387
2464124.76076   -138787438.64852   54297086.53576   -971021.96093   -10.97676   -27.80886   0.15510
2464125.12613   -139130832.51603   53419029.70098   -966111.46134   -10.80107   -27.87695   0.15632
2464125.49149   -139468679.24463   52538843.05193   -961162.44293   -10.62496   -27.94393   0.15754
2464125.85686   -139800965.68420   51656561.80208   -956175.10523   -10.44844   -28.00979   0.15875
2464126.22222   -140127678.91028   50772221.24528   -951149.64928   -10.27151   -28.07453   0.15996
2464126.58759   -140448806.22455   49885856.75425   -946086.27763   -10.09418   -28.13815   0.16116
2464126.95295   -140764335.15534   48997503.77917   -940985.19434   -9.91646   -28.20064   0.16235
2464127.31832   -141074253.45803   48107197.84615   -935846.60498   -9.73836   -28.26200   0.16354
2464127.68368   -141378549.11556   47214974.55575   -930670.71658   -9.55988   -28.32224   0.16472
2464128.04905   -141677210.33882   46320869.58154   -925457.73766   -9.38103   -28.38134   0.16589
2464128.41441   -141970225.56711   45424918.66859   -920207.87822   -9.20181   -28.43931   0.16705
2464128.77978   -142257583.46856   44527157.63193   -914921.34970   -9.02224   -28.49614   0.16821
2464129.14515   -142539272.94054   43627622.35518   -909598.36500   -8.84233   -28.55183   0.16937
2464129.51051   -142815283.11003   42726348.78891   -904239.13847   -8.66207   -28.60638   0.17051
2464129.87588   -143085603.33407   41823372.94929   -898843.88588   -8.48147   -28.65978   0.17165
2464130.24124   -143350223.20008   40918730.91647   -893412.82443   -8.30055   -28.71205   0.17278
2464130.60661   -143609132.52627   40012458.83316   -887946.17273   -8.11932   -28.76316   0.17391
2464130.97197   -143862321.36198   39104592.90310   -882444.15080   -7.93776   -28.81313   0.17503
2464131.33734   -144109779.98805   38195169.38956   -876906.98006   -7.75591   -28.86194   0.17614
2464131.70270   -144351498.91713   37284224.61384   -871334.88329   -7.57376   -28.90960   0.17724
2464132.06807   -144587468.89405   36371794.95375   -865728.08469   -7.39131   -28.95611   0.17834
2464132.43343   -144817680.89610   35457916.84211   -860086.80978   -7.20859   -29.00146   0.17943
2464132.79880   -145042126.13337   34542626.76527   -854411.28547   -7.02559   -29.04566   0.18051
2464133.16416   -145260796.04904   33625961.26153   -848701.74001   -6.84232   -29.08869   0.18159
2464133.52953   -145473682.31966   32707956.91971   -842958.40298   -6.65879   -29.13057   0.18265
2464133.89489   -145680776.85543   31788650.37757   -837181.50530   -6.47501   -29.17128   0.18371
2464134.26026   -145882071.80051   30868078.32032   -831371.27920   -6.29099   -29.21082   0.18477
2464134.62563   -146077559.53322   29946277.47911   -825527.95821   -6.10672   -29.24921   0.18581
2464134.99099   -146267232.66633   29023284.62952   -819651.77718   -5.92223   -29.28642   0.18685
2464135.35636   -146451084.04726   28099136.58999   -813742.97223   -5.73751   -29.32247   0.18788
2464135.72172   -146629106.75838   27173870.22038   -807801.78077   -5.55258   -29.35735   0.18890
2464136.08709   -146801294.11715   26247522.42038   -801828.44148   -5.36744   -29.39105   0.18992
2464136.45245   -146967639.67638   25320130.12803   -795823.19428   -5.18210   -29.42359   0.19093
2464136.81782   -147128137.22440   24391730.31817   -789786.28036   -4.99656   -29.45495   0.19193
2464137.18318   -147282780.78526   23462360.00094   -783717.94213   -4.81084   -29.48514   0.19292
2464137.54855   -147431564.61894   22532056.22024   -777618.42325   -4.62494   -29.51415   0.19391
2464137.91391   -147574483.22144   21600856.05223   -771487.96858   -4.43887   -29.54198   0.19488
2464138.27928   -147711531.32503   20668796.60377   -765326.82419   -4.25264   -29.56864   0.19585
2464138.64464   -147842703.89833   19735915.01091   -759135.23734   -4.06625   -29.59412   0.19681
2464139.01001   -147967996.14649   18802248.43739   -752913.45649   -3.87971   -29.61843   0.19777
2464139.37538   -148087403.51127   17867834.07306   -746661.73128   -3.69303   -29.64155   0.19871
2464139.74074   -148200921.67123   16932709.13242   -740380.31248   -3.50622   -29.66349   0.19965
2464140.10611   -148308546.54177   15996910.85302   -734069.45207   -3.31928   -29.68425   0.20058
2464140.47147   -148410274.27527   15060476.49400   -727729.40312   -3.13223   -29.70383   0.20150
2464140.83684   -148506101.26114   14123443.33452   -721360.41987   -2.94506   -29.72223   0.20242
2464141.20220   -148596024.12596   13185848.67228   -714962.75766   -2.75779   -29.73944   0.20332
2464141.56757   -148680039.73348   12247729.82191   -708536.67296   -2.57043   -29.75547   0.20422
2464141.93293   -148758145.18471   11309124.11354   -702082.42333   -2.38297   -29.77032   0.20511
2464142.29830   -148830337.81796   10370068.89122   -695600.26743   -2.19544   -29.78398   0.20599
2464142.66366   -148896615.20890   9430601.51139   -689090.46497   -2.00783   -29.79645   0.20686
2464143.02903   -148956975.17055   8490759.34139   -682553.27678   -1.82016   -29.80775   0.20772
2464143.39439   -149011415.75333   7550579.75790   -675988.96470   -1.63243   -29.81785   0.20858
2464143.75976   -149059935.24504   6610100.14545   -669397.79163   -1.44465   -29.82677   0.20943
2464144.12513   -149102532.17089   5669357.89485   -662780.02153   -1.25682   -29.83451   0.21027
2464144.49049   -149139205.29345   4728390.40171   -656135.91935   -1.06896   -29.84106   0.21110
2464144.85586   -149169953.61267   3787235.06491   -649465.75108   -0.88108   -29.84642   0.21192
2464145.22122   -149194776.36581   2845929.28505   -642769.78369   -0.69317   -29.85060   0.21273
2464145.58659   -149213673.02740   1904510.46297   -636048.28516   -0.50525   -29.85359   0.21354
2464145.95195   -149226643.30924   963015.99818   -629301.52444   -0.31732   -29.85540   0.21434
2464146.31732   -149233687.16026   21483.28741   -622529.77145   -0.12940   -29.85602   0.21512
2464146.68268   -149234804.76650   -920050.27699   -615733.29707   0.05852   -29.85545   0.21590
2464147.04805   -149229996.55103   -1861547.30848   -608912.37313   0.24641   -29.85370   0.21667
2464147.41341   -149219263.17382   -2802970.42792   -602067.27237   0.43429   -29.85076   0.21744
2464147.77878   -149202605.53167   -3744282.26504   -595198.26849   0.62213   -29.84664   0.21819
2464148.14414   -149180024.75809   -4685445.45997   -588305.63609   0.80993   -29.84134   0.21894
2464148.50951   -149151522.22320   -5626422.66476   -581389.65065   0.99768   -29.83485   0.21967
2464148.87487   -149117099.53354   -6567176.54485   -574450.58856   1.18538   -29.82717   0.22040
2464149.24024   -149076758.53199   -7507669.78062   -567488.72708   1.37302   -29.81832   0.22112
2464149.60561   -149030501.29760   -8447865.06890   -560504.34435   1.56058   -29.80828   0.22183
2464149.97097   -148978330.14542   -9387725.12443   -553497.71934   1.74807   -29.79706   0.22253
2464150.33634   -148920247.62634   -10327212.68141   -546469.13189   1.93548   -29.78466   0.22322
2464150.70170   -148856256.52690   -11266290.49498   -539418.86265   2.12279   -29.77107   0.22390
2464151.06707   -148786359.86912   -12204921.34273   -532347.19310   2.31001   -29.75631   0.22458
2464151.43243   -148710560.91027   -13143068.02617   -525254.40552   2.49711   -29.74037   0.22524
2464151.79780   -148628863.14270   -14080693.37228   -518140.78301   2.68411   -29.72325   0.22590
2464152.16316   -148541270.29360   -15017760.23495   -511006.60942   2.87098   -29.70495   0.22655
2464152.52853   -148447786.32476   -15954231.49650   -503852.16939   3.05772   -29.68547   0.22718
2464152.89389   -148348415.43235   -16890070.06916   -496677.74834   3.24432   -29.66482   0.22781
2464153.25926   -148243162.04669   -17825238.89658   -489483.63241   3.43078   -29.64300   0.22843
2464153.62462   -148132030.83194   -18759700.95528   -482270.10848   3.61709   -29.62000   0.22904
2464153.98999   -148015026.68589   -19693419.25616   -475037.46419   3.80324   -29.59583   0.22965
2464154.35536   -147892154.73967   -20626356.84595   -467785.98785   3.98922   -29.57049   0.23024
2464154.72072   -147763420.35742   -21558476.80875   -460515.96850   4.17503   -29.54398   0.23082
2464155.08609   -147628829.13607   -22489742.26742   -453227.69585   4.36066   -29.51630   0.23140
2464155.45145   -147488386.90497   -23420116.38513   -445921.46032   4.54610   -29.48745   0.23196
2464155.81682   -147342099.72563   -24349562.36679   -438597.55297   4.73134   -29.45743   0.23252
2464156.18218   -147189973.89136   -25278043.46051   -431256.26552   4.91638   -29.42626   0.23306
2464156.54755   -147032015.92694   -26205522.95912   -423897.89034   5.10121   -29.39391   0.23360
2464156.91291   -146868232.58831   -27131964.20154   -416522.72041   5.28582   -29.36041   0.23413
2464157.27828   -146698630.86218   -28057330.57435   -409131.04936   5.47021   -29.32575   0.23465
2464157.64364   -146523217.96570   -28981585.51314   -401723.17141   5.65436   -29.28992   0.23516
2464158.00901   -146342001.34609   -29904692.50404   -394299.38136   5.83828   -29.25294   0.23566
2464158.37437   -146154988.68022   -30826615.08515   -386859.97462   6.02195   -29.21481   0.23615
2464158.73974   -145962187.87429   -31747316.84794   -379405.24716   6.20536   -29.17552   0.23663
2464159.10511   -145763607.06337   -32666761.43878   -371935.49550   6.38851   -29.13508   0.23710
2464159.47047   -145559254.61105   -33584912.56030   -364451.01671   6.57139   -29.09349   0.23756
2464159.83584   -145349139.10897   -34501733.97289   -356952.10841   6.75400   -29.05075   0.23801
2464160.20120   -145133269.37644   -35417189.49609   -349439.06871   6.93632   -29.00687   0.23846
2464160.56657   -144911654.46000   -36331243.01003   -341912.19627   7.11835   -28.96184   0.23889
2464160.93193   -144684303.63294   -37243858.45688   -334371.79021   7.30009   -28.91566   0.23932
2464161.29730   -144451226.39490   -38154999.84226   -326818.15016   7.48152   -28.86835   0.23973
2464161.66266   -144212432.47140   -39064631.23663   -319251.57622   7.66264   -28.81990   0.24014
2464162.02803   -143967931.81334   -39972716.77676   -311672.36893   7.84344   -28.77032   0.24053
2464162.39339   -143717734.59654   -40879220.66711   -304080.82931   8.02391   -28.71960   0.24092
2464162.75876   -143461851.22129   -41784107.18126   -296477.25880   8.20405   -28.66774   0.24130
2464163.12412   -143200292.31178   -42687340.66327   -288861.95927   8.38385   -28.61476   0.24166
2464163.48949   -142933068.71566   -43588885.52915   -281235.23299   8.56330   -28.56065   0.24202
2464163.85485   -142660191.50352   -44488706.26818   -273597.38265   8.74240   -28.50542   0.24237
2464164.22022   -142381671.96834   -45386767.44438   -265948.71132   8.92113   -28.44906   0.24271
2464164.58559   -142097521.62495   -46283033.69785   -258289.52243   9.09950   -28.39159   0.24303
2464164.95095   -141807752.20957   -47177469.74616   -250620.11979   9.27749   -28.33299   0.24335
2464165.31632   -141512375.67916   -48070040.38576   -242940.80757   9.45510   -28.27328   0.24366
2464165.68168   -141211404.21094   -48960710.49331   -235251.89025   9.63232   -28.21246   0.24396
2464166.04705   -140904850.20180   -49849445.02712   -227553.67267   9.80914   -28.15053   0.24425
2464166.41241   -140592726.26772   -50736209.02844   -219846.45995   9.98556   -28.08749   0.24453
2464166.77778   -140275045.24319   -51620967.62288   -212130.55755   10.16157   -28.02335   0.24480
2464167.14314   -139951820.18064   -52503686.02177   -204406.27118   10.33716   -27.95810   0.24507
2464167.50851   -139623064.34981   -53384329.52347   -196673.90686   10.51233   -27.89176   0.24532
2464167.87387   -139288791.23719   -54262863.51476   -188933.77086   10.68706   -27.82432   0.24556
2464168.23924   -138949014.54535   -55139253.47220   -181186.16971   10.86136   -27.75579   0.24579
2464168.60460   -138603748.19236   -56013464.96342   -173431.41016   11.03521   -27.68616   0.24601
2464168.96997   -138253006.31114   -56885463.64849   -165669.79922   11.20861   -27.61545   0.24622
2464169.33534   -137896803.24882   -57755215.28126   -157901.64409   11.38156   -27.54366   0.24643
2464169.70070   -137535153.56611   -58622685.71068   -150127.25219   11.55404   -27.47078   0.24662
2464170.06607   -137168072.03661   -59487840.88210   -142346.93112   11.72604   -27.39682   0.24680
2464170.43143   -136795573.64619   -60350646.83864   -134560.98867   11.89757   -27.32179   0.24698
2464170.79680   -136417673.59228   -61211069.72244   -126769.73279   12.06861   -27.24569   0.24714
2464171.16216   -136034387.28321   -62069075.77601   -118973.47159   12.23916   -27.16852   0.24729
2464171.52753   -135645730.33753   -62924631.34355   -111172.51331   12.40922   -27.09028   0.24744
2464171.89289   -135251718.58330   -63777702.87218   -103367.16633   12.57876   -27.01098   0.24757
2464172.25826   -134852368.05738   -64628256.91331   -95557.73915   12.74780   -26.93062   0.24770
2464172.62362   -134447695.00473   -65476260.12389   -87744.54037   12.91631   -26.84921   0.24781
2464172.98899   -134037715.87769   -66321679.26768   -79927.87868   13.08430   -26.76674   0.24792
2464173.35435   -133622447.33527   -67164481.21657   -72108.06287   13.25176   -26.68323   0.24801
2464173.71972   -133201906.24238   -68004632.95181   -64285.40177   13.41869   -26.59867   0.24810
2464174.08509   -132776109.66911   -68842101.56531   -56460.20428   13.58506   -26.51307   0.24817
2464174.45045   -132345074.88997   -69676854.26088   -48632.77935   13.75089   -26.42643   0.24824
2464174.81582   -131908819.38316   -70508858.35551   -40803.43597   13.91616   -26.33875   0.24829
2464175.18118   -131467360.82975   -71338081.28060   -32972.48311   14.08086   -26.25005   0.24834
2464175.54655   -131020717.11298   -72164490.58320   -25140.22979   14.24500   -26.16032   0.24838
2464175.91191   -130568906.31741   -72988053.92729   -17306.98502   14.40856   -26.06956   0.24840
2464176.27728   -130111946.72818   -73808739.09497   -9473.05776   14.57153   -25.97778   0.24842
2464176.64264   -129649856.83019   -74626513.98772   -1638.75697   14.73392   -25.88499   0.24843
2464177.00801   -129182655.30732   -75441346.62761   6195.60843   14.89571   -25.79119   0.24842
2464177.37337   -128710361.04159   -76253205.15851   14029.72959   15.05690   -25.69638   0.24841
2464177.73874   -128232993.11237   -77062057.84734   21863.29771   15.21748   -25.60056   0.24839
2464178.10410   -127750570.79554   -77867873.08522   29696.00408   15.37744   -25.50374   0.24836
2464178.46947   -127263113.56269   -78670619.38872   37527.54007   15.53679   -25.40593   0.24831
2464178.83483   -126770641.08021   -79470265.40103   45357.59717   15.69551   -25.30712   0.24826
2464179.20020   -126273173.20854   -80266779.89315   53185.86695   15.85359   -25.20733   0.24820
2464179.56557   -125770730.00125   -81060131.76509   61012.04115   16.01104   -25.10655   0.24813
2464179.93093   -125263331.70419   -81850290.04703   68835.81161   16.16784   -25.00479   0.24805
2464180.29630   -124750998.75465   -82637223.90050   76656.87034   16.32399   -24.90206   0.24796
2464180.66166   -124233751.78045   -83420902.61953   84474.90950   16.47949   -24.79836   0.24786
2464181.02703   -123711611.59912   -84201295.63184   92289.62146   16.63432   -24.69368   0.24775
2464181.39239   -123184599.21693   -84978372.49997   100100.69872   16.78848   -24.58805   0.24763
2464181.75776   -122652735.82806   -85752102.92243   107907.83403   16.94196   -24.48145   0.24750
2464182.12312   -122116042.81369   -86522456.73484   115710.72032   17.09477   -24.37391   0.24736
2464182.48849   -121574541.74106   -87289403.91107   123509.05075   17.24689   -24.26541   0.24721
2464182.85385   -121028254.36259   -88052914.56437   131302.51872   17.39831   -24.15596   0.24705
2464183.21922   -120477202.61496   -88812958.94849   139090.81787   17.54904   -24.04558   0.24688
2464183.58458   -119921408.61814   -89569507.45879   146873.64211   17.69906   -23.93426   0.24670
2464183.94995   -119360894.67453   -90322530.63336   154650.68559   17.84838   -23.82200   0.24651
2464184.31532   -118795683.26795   -91071999.15411   162421.64279   17.99697   -23.70882   0.24632
2464184.68068   -118225797.06272   -91817883.84787   170186.20844   18.14485   -23.59472   0.24611
2464185.04605   -117651258.90273   -92560155.68750   177944.07760   18.29200   -23.47970   0.24589
2464185.41141   -117072091.81046   -93298785.79296   185694.94565   18.43841   -23.36376   0.24566
2464185.77678   -116488318.98599   -94033745.43236   193438.50827   18.58409   -23.24692   0.24543
2464186.14214   -115899963.80607   -94765006.02308   201174.46152   18.72902   -23.12917   0.24518
2464186.50751   -115307049.82315   -95492539.13281   208902.50178   18.87321   -23.01053   0.24493
2464186.87287   -114709600.76433   -96216316.48059   216622.32583   19.01664   -22.89098   0.24466
2464187.23824   -114107640.53045   -96936309.93789   224333.63080   19.15930   -22.77055   0.24439
2464187.60360   -113501193.19504   -97652491.52966   232036.11420   19.30121   -22.64924   0.24410
2464187.96897   -112890283.00333   -98364833.43532   239729.47397   19.44234   -22.52704   0.24381
2464188.33433   -112274934.37128   -99073307.98985   247413.40845   19.58269   -22.40397   0.24350
2464188.69970   -111655171.88449   -99777887.68477   255087.61639   19.72226   -22.28003   0.24319
2464189.06507   -111031020.29726   -100478545.16918   262751.79699   19.86104   -22.15523   0.24287
2464189.43043   -110402504.53153   -101175253.25075   270405.64989   19.99903   -22.02956   0.24254
2464189.79580   -109769649.67582   -101867984.89676   278048.87518   20.13623   -21.90305   0.24219
2464190.16116   -109132480.98425   -102556713.23505   285681.17344   20.27261   -21.77568   0.24184
2464190.52653   -108491023.87546   -103241411.55507   293302.24572   20.40819   -21.64746   0.24148
2464190.89189   -107845303.93158   -103922053.30878   300911.79356   20.54296   -21.51841   0.24111
2464191.25726   -107195346.89716   -104598612.11171   308509.51900   20.67691   -21.38853   0.24073
2464191.62262   -106541178.67812   -105271061.74388   316095.12460   20.81003   -21.25781   0.24034
2464191.98799   -105882825.34069   -105939376.15076   323668.31346   20.94233   -21.12627   0.23994
2464192.35335   -105220313.11034   -106603529.44427   331228.78919   21.07379   -20.99392   0.23954
2464192.71872   -104553668.37069   -107263495.90366   338776.25598   21.20441   -20.86075   0.23912
2464193.08408   -103882917.66246   -107919249.97651   346310.41856   21.33418   -20.72677   0.23869
2464193.44945   -103208087.68233   -108570766.27965   353830.98223   21.46311   -20.59199   0.23826
2464193.81481   -102529205.28191   -109218019.60005   361337.65289   21.59119   -20.45641   0.23781
2464194.18018   -101846297.46662   -109860984.89579   368830.13702   21.71840   -20.32005   0.23736
2464194.54555   -101159391.39456   -110499637.29692   376308.14172   21.84475   -20.18289   0.23689
2464194.91091   -100468514.37546   -111133952.10643   383771.37469   21.97024   -20.04496   0.23642
2464195.27628   -99773693.86952   -111763904.80110   391219.54426   22.09485   -19.90625   0.23594
2464195.64164   -99074957.48631   -112389471.03238   398652.35941   22.21858   -19.76677   0.23545
2464196.00701   -98372332.98366   -113010626.62731   406069.52977   22.34143   -19.62653   0.23495
2464196.37237   -97665848.26653   -113627347.58939   413470.76562   22.46339   -19.48553   0.23444
2464196.73774   -96955531.38585   -114239610.09943   420855.77792   22.58446   -19.34378   0.23392
2464197.10310   -96241410.53742   -114847390.51642   428224.27830   22.70464   -19.20128   0.23339
2464197.46847   -95523514.06077   -115450665.37838   435575.97910   22.82391   -19.05804   0.23285
2464197.83383   -94801870.43799   -116049411.40322   442910.59337   22.94228   -18.91406   0.23231
2464198.19920   -94076508.29258   -116643605.48956   450227.83485   23.05974   -18.76936   0.23175
2464198.56456   -93347456.38833   -117233224.71757   457527.41803   23.17628   -18.62393   0.23119
2464198.92993   -92614743.62812   -117818246.34981   464809.05812   23.29191   -18.47778   0.23061
2464199.29530   -91878399.05280   -118398647.83201   472072.47109   23.40661   -18.33092   0.23003
2464199.66066   -91138451.83996   -118974406.79391   479317.37367   23.52038   -18.18336   0.22944
2464200.02603   -90394931.30284   -119545501.05005   486543.48335   23.63323   -18.03509   0.22884
2464200.39139   -89647866.88907   -120111908.60057   493750.51840   23.74513   -17.88613   0.22823
2464200.75676   -88897288.17955   -120673607.63199   500938.19789   23.85610   -17.73648   0.22761
2464201.12212   -88143224.88723   -121230576.51798   508106.24168   23.96612   -17.58614   0.22698
2464201.48749   -87385706.85595   -121782793.82016   515254.37045   24.07520   -17.43513   0.22635
2464201.85285   -86624764.05921   -122330238.28884   522382.30571   24.18332   -17.28345   0.22570
2464202.21822   -85860426.59901   -122872888.86377   529489.76979   24.29048   -17.13111   0.22505
2464202.58358   -85092724.70463   -123410724.67491   536576.48585   24.39669   -16.97811   0.22439
2464202.94895   -84321688.73140   -123943725.04316   543642.17793   24.50193   -16.82445   0.22372
2464203.31431   -83547349.15955   -124471869.48109   550686.57093   24.60620   -16.67014   0.22304
2464203.67968   -82769736.59294   -124995137.69367   557709.39060   24.70950   -16.51520   0.22235
2464204.04505   -81988881.75788   -125513509.57900   564710.36361   24.81182   -16.35962   0.22165
2464204.41041   -81204815.50188   -126026965.22899   571689.21749   24.91317   -16.20342   0.22094
2464204.77578   -80417568.79246   -126535484.93007   578645.68071   25.01353   -16.04659   0.22023
2464205.14114   -79627172.71587   -127039049.16392   585579.48261   25.11290   -15.88914   0.21951
2464205.50651   -78833658.47593   -127537638.60811   592490.35350   25.21128   -15.73109   0.21878
2464205.87187   -78037057.39271   -128031234.13681   599378.02460   25.30866   -15.57243   0.21804
2464206.23724   -77237400.90136   -128519816.82143   606242.22808   25.40505   -15.41318   0.21729
2464206.60260   -76434720.55085   -129003367.93134   613082.69707   25.50044   -15.25333   0.21653
2464206.96797   -75629048.00268   -129481868.93444   619899.16565   25.59481   -15.09290   0.21577
2464207.33333   -74820415.02971   -129955301.49789   626691.36890   25.68818   -14.93190   0.21499
2464207.69870   -74008853.51482   -130423647.48871   633459.04285   25.78054   -14.77032   0.21421
2464208.06406   -73194395.44972   -130886888.97441   640201.92457   25.87188   -14.60817   0.21342
2464208.42943   -72377072.93366   -131345008.22362   646919.75210   25.96220   -14.44547   0.21262
2464208.79479   -71556918.17219   -131797987.70672   653612.26449   26.05150   -14.28221   0.21181
2464209.16016   -70733963.47585   -132245810.09642   660279.20184   26.13977   -14.11841   0.21100
2464209.52553   -69908241.25894   -132688458.26838   666920.30527   26.22702   -13.95407   0.21018
2464209.89089   -69079784.03826   -133125915.30181   673535.31694   26.31322   -13.78919   0.20934
2464210.25626   -68248624.43177   -133558164.48002   680123.98007   26.39840   -13.62379   0.20850
2464210.62162   -67414795.15739   -133985189.29104   686686.03892   26.48253   -13.45786   0.20766
2464210.98699   -66578329.03166   -134406973.42816   693221.23886   26.56563   -13.29143   0.20680
2464211.35235   -65739258.96849   -134823500.79050   699729.32631   26.64767   -13.12448   0.20594
2464211.71772   -64897617.97786   -135234755.48355   706210.04879   26.72867   -12.95704   0.20507
2464212.08308   -64053439.16454   -135640721.81975   712663.15492   26.80862   -12.78910   0.20419
2464212.44845   -63206755.72678   -136041384.31896   719088.39442   26.88751   -12.62067   0.20330
2464212.81381   -62357600.95502   -136436727.70908   725485.51815   26.96535   -12.45176   0.20240
2464213.17918   -61506008.23063   -136826736.92649   731854.27807   27.04213   -12.28238   0.20150
2464213.54454   -60652011.02454   -137211397.11660   738194.42729   27.11784   -12.11253   0.20059
2464213.90991   -59795642.89599   -137590693.63434   744505.72008   27.19249   -11.94222   0.19967
2464214.27528   -58936937.49124   -137964612.04470   750787.91183   27.26607   -11.77145   0.19874
2464214.64064   -58075928.54218   -138333138.12313   757040.75911   27.33858   -11.60024   0.19781
2464215.00601   -57212649.86512   -138696257.85613   763264.01968   27.41002   -11.42859   0.19687
2464215.37137   -56347135.35941   -139053957.44161   769457.45246   27.48037   -11.25650   0.19592
2464215.73674   -55479419.00615   -139406223.28947   775620.81755   27.54966   -11.08398   0.19496
2464216.10210   -54609534.86687   -139753042.02194   781753.87629   27.61785   -10.91105   0.19399
2464216.46747   -53737517.08223   -140094400.47413   787856.39118   27.68497   -10.73770   0.19302
2464216.83283   -52863399.87064   -140430285.69440   793928.12596   27.75100   -10.56394   0.19204
2464217.19820   -51987217.52703   -140760684.94482   799968.84560   27.81594   -10.38978   0.19106
2464217.56356   -51109004.42142   -141085585.70161   805978.31629   27.87979   -10.21523   0.19006
2464217.92893   -50228794.99769   -141404975.65552   811956.30547   27.94254   -10.04029   0.18906
2464218.29429   -49346623.77218   -141718842.71226   817902.58183   28.00420   -9.86497   0.18805
2464218.65966   -48462525.33240   -142027174.99290   823816.91531   28.06477   -9.68928   0.18703
2464219.02503   -47576534.33567   -142329960.83424   829699.07713   28.12423   -9.51322   0.18601
2464219.39039   -46688685.50780   -142627188.78923   835548.83978   28.18259   -9.33680   0.18498
2464219.75576   -45799013.64176   -142918847.62731   841365.97703   28.23985   -9.16003   0.18394
2464220.12112   -44907553.59633   -143204926.33482   847150.26395   28.29600   -8.98291   0.18290
2464220.48649   -44014340.29476   -143485414.11530   852901.47689   28.35104   -8.80545   0.18184
2464220.85185   -43119408.72345   -143760300.38988   858619.39355   28.40497   -8.62767   0.18078
2464221.21722   -42222793.93055   -144029574.79764   864303.79290   28.45778   -8.44955   0.17972
2464221.58258   -41324531.02469   -144293227.19589   869954.45527   28.50949   -8.27112   0.17864
2464221.94795   -40424655.17360   -144551247.66054   875571.16230   28.56008   -8.09238   0.17756
2464222.31331   -39523201.60273   -144803626.48642   881153.69698   28.60955   -7.91333   0.17648
2464222.67868   -38620205.59397   -145050354.18756   886701.84364   28.65790   -7.73399   0.17538
2464223.04404   -37715702.48424   -145291421.49751   892215.38798   28.70513   -7.55435   0.17428
2464223.40941   -36809727.66416   -145526819.36963   897694.11705   28.75123   -7.37444   0.17318
2464223.77477   -35902316.57671   -145756538.97740   903137.81929   28.79621   -7.19424   0.17206
2464224.14014   -34993504.71586   -145980571.71466   908546.28449   28.84007   -7.01378   0.17094
2464224.50551   -34083327.62522   -146198909.19589   913919.30386   28.88280   -6.83305   0.16981
2464224.87087   -33171820.89668   -146411543.25650   919256.66999   28.92439   -6.65207   0.16868
2464225.23624   -32259020.16906   -146618465.95304   924558.17685   28.96486   -6.47084   0.16754
2464225.60160   -31344961.12676   -146819669.56348   929823.61986   29.00420   -6.28937   0.16639
2464225.96697   -30429679.49836   -147015146.58744   935052.79582   29.04240   -6.10766   0.16524
2464226.33233   -29513211.05532   -147204889.74639   940245.50298   29.07946   -5.92573   0.16408
2464226.69770   -28595591.61056   -147388891.98393   945401.54101   29.11539   -5.74358   0.16291
2464227.06306   -27676857.01716   -147567146.46594   950520.71102   29.15018   -5.56121   0.16174
2464227.42843   -26757043.16692   -147739646.58081   955602.81557   29.18384   -5.37864   0.16056
2464227.79379   -25836185.98909   -147906385.93967   960647.65866   29.21635   -5.19587   0.15938
2464228.15916   -24914321.44893   -148067358.37651   965655.04576   29.24772   -5.01291   0.15819
2464228.52452   -23991485.54636   -148222557.94843   970624.78380   29.27795   -4.82976   0.15699
2464228.88989   -23067714.31462   -148371978.93574   975556.68120   29.30704   -4.64643   0.15579
2464229.25526   -22143043.81891   -148515615.84221   980450.54785   29.33499   -4.46293   0.15458
2464229.62062   -21217510.15497   -148653463.39516   985306.19512   29.36178   -4.27927   0.15336
2464229.98599   -20291149.44778   -148785516.54561   990123.43587   29.38744   -4.09546   0.15214
2464230.35135   -19363997.85014   -148911770.46846   994902.08450   29.41194   -3.91149   0.15092
2464230.71672   -18436091.54132   -149032220.56259   999641.95686   29.43530   -3.72738   0.14968
2464231.08208   -17507466.72571   -149146862.45101   1004342.87036   29.45751   -3.54314   0.14845
2464231.44745   -16578159.63144   -149255691.98093   1009004.64391   29.47857   -3.35877   0.14720
2464231.81281   -15648206.50900   -149358705.22391   1013627.09796   29.49848   -3.17427   0.14595
2464232.17818   -14717643.62987   -149455898.47595   1018210.05447   29.51724   -2.98967   0.14470
2464232.54354   -13786507.28518   -149547268.25757   1022753.33697   29.53485   -2.80495   0.14344
2464232.90891   -12854833.78433   -149632811.31390   1027256.77050   29.55131   -2.62014   0.14217
2464233.27427   -11922659.45357   -149712524.61475   1031720.18170   29.56661   -2.43523   0.14090
2464233.63964   -10990020.63473   -149786405.35468   1036143.39873   29.58076   -2.25024   0.13962
2464234.00501   -10056953.68377   -149854450.95308   1040526.25132   29.59376   -2.06517   0.13834
2464234.37037   -9123494.96943   -149916659.05418   1044868.57079   29.60561   -1.88003   0.13705
2464234.73574   -8189680.87187   -149973027.52711   1049170.19002   29.61630   -1.69483   0.13576
2464235.10110   -7255547.78132   -150023554.46596   1053430.94349   29.62584   -1.50956   0.13446
2464235.46647   -6321132.09668   -150068238.18976   1057650.66724   29.63422   -1.32425   0.13315
2464235.83183   -5386470.22416   -150107077.24255   1061829.19892   29.64145   -1.13890   0.13185
2464236.19720   -4451598.57591   -150140070.39334   1065966.37780   29.64753   -0.95351   0.13053
2464236.56256   -3516553.56867   -150167216.63616   1070062.04473   29.65245   -0.76809   0.12921
2464236.92793   -2581371.62240   -150188515.19000   1074116.04218   29.65621   -0.58265   0.12789
2464237.29329   -1646089.15888   -150203965.49885   1078128.21424   29.65882   -0.39720   0.12656
2464237.65866   -710742.60038   -150213567.23167   1082098.40662   29.66028   -0.21174   0.12523
2464238.02402   224631.63171   -150217320.28230   1086026.46665   29.66058   -0.02628   0.12389
2464238.38939   1159997.11826   -150215224.76953   1089912.24331   29.65972   0.15917   0.12255
2464238.75475   2095317.44376   -150207281.03694   1093755.58722   29.65771   0.34461   0.12120
2464239.12012   3030556.19768   -150193489.65293   1097556.35062   29.65455   0.53003   0.11984
2464239.48549   3965676.97582   -150173851.41062   1101314.38743   29.65023   0.71542   0.11849
2464239.85085   4900643.38172   -150148367.32780   1105029.55321   29.64476   0.90077   0.11713
2464240.21622   5835419.02794   -150117038.64683   1108701.70518   29.63813   1.08608   0.11576
2464240.58158   6769967.53752   -150079866.83457   1112330.70222   29.63035   1.27134   0.11439
2464240.94695   7704252.54525   -150036853.58228   1115916.40489   29.62142   1.45654   0.11301
2464241.31231   8638237.69910   -149988000.80554   1119458.67543   29.61134   1.64167   0.11163
2464241.67768   9571886.66152   -149933310.64411   1122957.37775   29.60010   1.82674   0.11025
2464242.04304   10505163.11085   -149872785.46182   1126412.37744   29.58771   2.01173   0.10886
2464242.40841   11438030.74262   -149806427.84648   1129823.54178   29.57417   2.19663   0.10747
2464242.77377   12370453.27098   -149734240.60969   1133190.73977   29.55948   2.38144   0.10607
2464243.13914   13302394.42997   -149656226.78673   1136513.84208   29.54365   2.56615   0.10467
2464243.50450   14233817.97493   -149572389.63644   1139792.72108   29.52666   2.75075   0.10327
2464243.86987   15164687.68384   -149482732.64101   1143027.25088   29.50852   2.93524   0.10186
2464244.23524   16094967.35865   -149387259.50584   1146217.30728   29.48924   3.11961   0.10045
2464244.60060   17024620.82666   -149285974.15937   1149362.76779   29.46881   3.30385   0.09903
2464244.96597   17953611.94185   -149178880.75291   1152463.51165   29.44723   3.48795   0.09761
2464245.33133   18881904.58622   -149065983.66043   1155519.41984   29.42451   3.67191   0.09619
2464245.69670   19809462.67116   -148947287.47837   1158530.37504   29.40065   3.85572   0.09476
2464246.06206   20736250.13878   -148822797.02545   1161496.26170   29.37564   4.03938   0.09333
2464246.42743   21662230.96322   -148692517.34245   1164416.96597   29.34949   4.22287   0.09190
2464246.79279   22587369.15207   -148556453.69200   1167292.37576   29.32220   4.40620   0.09046
2464247.15816   23511628.74762   -148414611.55832   1170122.38073   29.29377   4.58934   0.08902
2464247.52352   24434973.82827   -148266996.64704   1172906.87228   29.26420   4.77230   0.08757
2464247.88889   25357368.50982   -148113614.88492   1175645.74357   29.23350   4.95507   0.08612
2464248.25425   26278776.94682   -147954472.41959   1178338.88952   29.20165   5.13764   0.08467
2464248.61962   27199163.33390   -147789575.61933   1180986.20680   29.16868   5.32001   0.08322
2464248.98498   28118491.90712   -147618931.07280   1183587.59385   29.13457   5.50216   0.08176
2464249.35035   29036726.94526   -147442545.58873   1186142.95088   29.09933   5.68410   0.08030
2464249.71572   29953832.77119   -147260426.19566   1188652.17987   29.06295   5.86580   0.07883
2464250.08108   30869773.75317   -147072580.14168   1191115.18458   29.02545   6.04728   0.07737
2464250.44645   31784514.30616   -146879014.89408   1193531.87053   28.98682   6.22851   0.07590
2464250.81181   32698018.89320   -146679738.13911   1195902.14505   28.94707   6.40950   0.07442
2464251.17718   33610252.02665   -146474757.78160   1198225.91724   28.90619   6.59023   0.07295
2464251.54254   34521178.26957   -146264081.94469   1200503.09797   28.86419   6.77070   0.07147
2464251.90791   35430762.23700   -146047718.96950   1202733.59994   28.82106   6.95090   0.06999
2464252.27327   36338968.59732   -145825677.41476   1204917.33762   28.77682   7.13083   0.06850
2464252.63864   37245762.07347   -145597966.05652   1207054.22727   28.73146   7.31048   0.06702
2464253.00400   38151107.44438   -145364593.88777   1209144.18698   28.68498   7.48984   0.06553
2464253.36937   39054969.54616   -145125570.11806   1211187.13661   28.63739   7.66890   0.06404
2464253.73473   39957313.27350   -144880904.17320   1213182.99785   28.58869   7.84766   0.06254
2464254.10010   40858103.58090   -144630605.69485   1215131.69419   28.53887   8.02611   0.06104
2464254.46547   41757305.48401   -144374684.54010   1217033.15092   28.48795   8.20425   0.05955
2464254.83083   42654884.06093   -144113150.78119   1218887.29517   28.43592   8.38206   0.05804
2464255.19620   43550804.45348   -143846014.70500   1220694.05586   28.38279   8.55954   0.05654
2464255.56156   44445031.86850   -143573286.81274   1222453.36375   28.32856   8.73669   0.05503
2464255.92693   45337531.57916   -143294977.81946   1224165.15141   28.27322   8.91349   0.05353
2464256.29229   46228268.92622   -143011098.65372   1225829.35324   28.21679   9.08995   0.05202
2464256.65766   47117209.31935   -142721660.45710   1227445.90546   28.15926   9.26604   0.05050
2464257.02302   48004318.23835   -142426674.58378   1229014.74612   28.10064   9.44178   0.04899
2464257.38839   48889561.23451   -142126152.60013   1230535.81510   28.04092   9.61714   0.04747
2464257.75375   49772903.93182   -141820106.28425   1232009.05411   27.98012   9.79213   0.04596
2464258.11912   50654312.02829   -141508547.62549   1233434.40672   27.91823   9.96673   0.04444
2464258.48448   51533751.29719   -141191488.82403   1234811.81829   27.85526   10.14094   0.04292
2464258.84985   52411187.58834   -140868942.29039   1236141.23607   27.79120   10.31476   0.04139
2464259.21522   53286586.82936   -140540920.64496   1237422.60910   27.72607   10.48817   0.03987
2464259.58058   54159915.02693   -140207436.71751   1238655.88831   27.65986   10.66117   0.03834
2464259.94595   55031138.26809   -139868503.54672   1239841.02643   27.59258   10.83376   0.03682
2464260.31131   55900222.72144   -139524134.37965   1240977.97808   27.52422   11.00592   0.03529
2464260.67668   56767134.63843   -139174342.67128   1242066.69968   27.45480   11.17765   0.03376
2464261.04204   57631840.35460   -138819142.08396   1243107.14954   27.38430   11.34895   0.03223
2464261.40741   58494306.29083   -138458546.48689   1244099.28780   27.31275   11.51980   0.03069
2464261.77277   59354498.95459   -138092569.95564   1245043.07645   27.24013   11.69020   0.02916
2464262.13814   60212384.94117   -137721226.77157   1245938.47934   27.16646   11.86015   0.02763
2464262.50350   61067930.93493   -137344531.42130   1246785.46218   27.09173   12.02963   0.02609
2464262.86887   61921103.71053   -136962498.59619   1247583.99251   27.01595   12.19865   0.02455
2464263.23423   62771870.13415   -136575143.19174   1248334.03976   26.93912   12.36719   0.02301
2464263.59960   63620197.16475   -136182480.30708   1249035.57519   26.86125   12.53525   0.02148
2464263.96496   64466051.85526   -135784525.24434   1249688.57193   26.78233   12.70282   0.01994
2464264.33033   65309401.35383   -135381293.50814   1250293.00498   26.70237   12.86989   0.01840
2464264.69570   66150212.90504   -134972800.80497   1250848.85118   26.62138   13.03646   0.01686
2464265.06106   66988453.85108   -134559063.04259   1251356.08924   26.53934   13.20253   0.01531
2464265.42643   67824091.63304   -134140096.32947   1251814.69975   26.45628   13.36808   0.01377
2464265.79179   68657093.79205   -133715916.97415   1252224.66512   26.37220   13.53311   0.01223
2464266.15716   69487427.97049   -133286541.48467   1252585.96967   26.28708   13.69762   0.01069
2464266.52252   70315061.91324   -132851986.56789   1252898.59954   26.20095   13.86159   0.00914
2464266.88789   71139963.46882   -132412269.12894   1253162.54278   26.11380   14.02502   0.00760
2464267.25325   71962100.59062   -131967406.27054   1253377.78927   26.02563   14.18791   0.00605
2464267.61862   72781441.33809   -131517415.29237   1253544.33077   25.93645   14.35024   0.00451
2464267.98398   73597953.87788   -131062313.69043   1253662.16090   25.84627   14.51202   0.00296
2464268.34935   74411606.48509   -130602119.15639   1253731.27515   25.75508   14.67323   0.00142
2464268.71471   75222367.54442   -130136849.57694   1253751.67087   25.66289   14.83388   -0.00013
2464269.08008   76030205.55131   -129666523.03308   1253723.34728   25.56970   14.99394   -0.00167
2464269.44545   76835089.11317   -129191157.79952   1253646.30546   25.47552   15.15343   -0.00322
2464269.81081   77636986.95051   -128710772.34393   1253520.54836   25.38035   15.31232   -0.00476
2464270.17618   78435867.89812   -128225385.32631   1253346.08081   25.28419   15.47062   -0.00630
2464270.54154   79231700.90620   -127735015.59825   1253122.90948   25.18705   15.62832   -0.00785
2464270.90691   80024455.04157   -127239682.20228   1252851.04292   25.08893   15.78541   -0.00939
2464271.27227   80814099.48877   -126739404.37112   1252530.49155   24.98983   15.94189   -0.01094
2464271.63764   81600603.55122   -126234201.52698   1252161.26763   24.88977   16.09776   -0.01248
2464272.00300   82383936.65238   -125724093.28086   1251743.38531   24.78873   16.25299   -0.01402
2464272.36837   83164068.33688   -125209099.43181   1251276.86059   24.68673   16.40760   -0.01556
2464272.73373   83940968.27164   -124689239.96619   1250761.71134   24.58378   16.56157   -0.01711
2464273.09910   84714606.24703   -124164535.05694   1250197.95730   24.47986   16.71489   -0.01865
2464273.46446   85484952.17796   -123635005.06284   1249585.62005   24.37500   16.86757   -0.02019
2464273.82983   86251976.10503   -123100670.52774   1248924.72305   24.26918   17.01959   -0.02173
2464274.19520   87015648.19563   -122561552.17983   1248215.29160   24.16243   17.17096   -0.02327
2464274.56056   87775938.74508   -122017670.93083   1247457.35289   24.05473   17.32165   -0.02480
2464274.92593   88532818.17771   -121469047.87527   1246650.93594   23.94609   17.47168   -0.02634
2464275.29129   89286257.04796   -120915704.28968   1245796.07165   23.83653   17.62103   -0.02788
2464275.65666   90036226.04152   -120357661.63182   1244892.79275   23.72604   17.76969   -0.02941
2464276.02202   90782695.97637   -119794941.53986   1243941.13385   23.61462   17.91767   -0.03094
2464276.38739   91525637.80394   -119227565.83163   1242941.13140   23.50229   18.06495   -0.03248
2464276.75275   92265022.61012   -118655556.50378   1241892.82370   23.38904   18.21153   -0.03401
2464277.11812   93000821.61639   -118078935.73099   1240796.25093   23.27488   18.35740   -0.03554
2464277.48348   93733006.18090   -117497725.86514   1239651.45507   23.15981   18.50257   -0.03707
2464277.84885   94461547.79951   -116911949.43449   1238458.48000   23.04384   18.64701   -0.03859
2464278.21421   95186418.10688   -116321629.14287   1237217.37141   22.92698   18.79073   -0.04012
2464278.57958   95907588.87754   -115726787.86880   1235928.17685   22.80922   18.93373   -0.04164
2464278.94494   96625032.02691   -115127448.66471   1234590.94572   22.69058   19.07599   -0.04316
2464279.31031   97338719.61242   -114523634.75606   1233205.72925   22.57105   19.21751   -0.04469
2464279.67568   98048623.83448   -113915369.54045   1231772.58051   22.45064   19.35829   -0.04620
2464280.04104   98754717.03758   -113302676.58685   1230291.55442   22.32935   19.49832   -0.04772
2464280.40641   99456971.71132   -112685579.63465   1228762.70773   22.20720   19.63759   -0.04924
2464280.77177   100155360.49141   -112064102.59283   1227186.09902   22.08418   19.77610   -0.05075
2464281.13714   100849856.16076   -111438269.53907   1225561.78870   21.96030   19.91384   -0.05226
2464281.50250   101540431.65042   -110808104.71887   1223889.83903   21.83557   20.05082   -0.05377
2464281.86787   102227060.04070   -110173632.54467   1222170.31407   21.70998   20.18701   -0.05528
2464282.23323   102909714.56208   -109534877.59493   1220403.27973   21.58355   20.32243   -0.05678
2464282.59860   103588368.59631   -108891864.61323   1218588.80374   21.45627   20.45706   -0.05829
2464282.96396   104262995.67735   -108244618.50741   1216726.95563   21.32816   20.59089   -0.05979
2464283.32933   104933569.49239   -107593164.34860   1214817.80677   21.19922   20.72393   -0.06129
2464283.69469   105600063.88286   -106937527.37030   1212861.43034   21.06944   20.85616   -0.06278
2464284.06006   106262452.84538   -106277732.96751   1210857.90133   20.93885   20.98759   -0.06428
2464284.42543   106920710.53279   -105613806.69574   1208807.29656   20.80744   21.11820   -0.06577
2464284.79079   107574811.25508   -104945774.27011   1206709.69462   20.67522   21.24800   -0.06726
2464285.15616   108224729.48040   -104273661.56438   1204565.17595   20.54219   21.37697   -0.06875
2464285.52152   108870439.83600   -103597494.61004   1202373.82275   20.40836   21.50512   -0.07023
2464285.88689   109511917.10921   -102917299.59530   1200135.71906   20.27373   21.63243   -0.07171
2464286.25225   110149136.24839   -102233102.86419   1197850.95069   20.13831   21.75890   -0.07319
2464286.61762   110782072.36387   -101544930.91553   1195519.60525   20.00210   21.88453   -0.07466
2464286.98298   111410700.72890   -100852810.40203   1193141.77214   19.86512   22.00932   -0.07614
2464287.34835   112034996.78061   -100156768.12925   1190717.54256   19.72735   22.13325   -0.07761
2464287.71371   112654936.12092   -99456831.05467   1188247.00948   19.58882   22.25632   -0.07907
2464288.07908   113270494.51746   -98753026.28664   1185730.26765   19.44951   22.37854   -0.08054
2464288.44444   113881647.90454   -98045381.08346   1183167.41361   19.30945   22.49988   -0.08200
2464288.80981   114488372.38400   -97333922.85232   1180558.54567   19.16864   22.62036   -0.08346
2464289.17518   115090644.22619   -96618679.14833   1177903.76391   19.02707   22.73995   -0.08491
2464289.54054   115688439.87081   -95899677.67348   1175203.17018   18.88476   22.85867   -0.08636
2464289.90591   116281735.92787   -95176946.27567   1172456.86808   18.74171   22.97650   -0.08781
2464290.27127   116870509.17853   -94450512.94765   1169664.96298   18.59792   23.09345   -0.08925
2464290.63664   117454736.57605   -93720405.82599   1166827.56202   18.45341   23.20949   -0.09069
2464291.00200   118034395.24659   -92986653.19009   1163944.77408   18.30818   23.32464   -0.09213
2464291.36737   118609462.49019   -92249283.46109   1161016.70978   18.16223   23.43889   -0.09356
2464291.73273   119179915.78153   -91508325.20089   1158043.48150   18.01556   23.55223   -0.09500
2464292.09810   119745732.77090   -90763807.11104   1155025.20336   17.86820   23.66465   -0.09642
2464292.46346   120306891.28497   -90015758.03172   1151961.99120   17.72013   23.77616   -0.09785
2464292.82883   120863369.32769   -89264206.94068   1148853.96262   17.57136   23.88675   -0.09926
2464293.19419   121415145.08115   -88509182.95217   1145701.23693   17.42191   23.99641   -0.10068
2464293.55956   121962196.90639   -87750715.31589   1142503.93517   17.27177   24.10514   -0.10209
2464293.92492   122504503.34422   -86988833.41588   1139262.18009   17.12096   24.21294   -0.10350
2464294.29029   123042043.11610   -86223566.76947   1135976.09618   16.96948   24.31980   -0.10490
2464294.65566   123574795.12494   -85454945.02621   1132645.80962   16.81732   24.42572   -0.10630
2464295.02102   124102738.45590   -84682997.96674   1129271.44831   16.66451   24.53069   -0.10770
2464295.38639   124625852.37720   -83907755.50174   1125853.14184   16.51105   24.63471   -0.10909
2464295.75175   125144116.34096   -83129247.67077   1122391.02151   16.35693   24.73777   -0.11048
2464296.11712   125657509.98398   -82347504.64126   1118885.22032   16.20217   24.83988   -0.11186
2464296.48248   126166013.12849   -81562556.70732   1115335.87292   16.04678   24.94103   -0.11324
2464296.84785   126669605.78300   -80774434.28865   1111743.11570   15.89075   25.04121   -0.11461
2464297.21321   127168268.14306   -79983167.92945   1108107.08669   15.73410   25.14041   -0.11598
2464297.57858   127661980.59198   -79188788.29726   1104427.92560   15.57683   25.23865   -0.11735
2464297.94394   128150723.70169   -78391326.18186   1100705.77382   15.41895   25.33590   -0.11871
2464298.30931   128634478.23342   -77590812.49410   1096940.77439   15.26046   25.43218   -0.12007
2464298.67467   129113225.13848   -76787278.26483   1093133.07204   15.10137   25.52746   -0.12142
2464299.04004   129586945.55901   -75980754.64370   1089282.81311   14.94168   25.62176   -0.12276
2464299.40541   130055620.82874   -75171272.89801   1085390.14562   14.78141   25.71507   -0.12411
2464299.77077   130519232.47367   -74358864.41161   1081455.21923   14.62055   25.80737   -0.12544
2464300.13614   130977762.21286   -73543560.68371   1077478.18523   14.45912   25.89868   -0.12678
2464300.50150   131431191.95911   -72725393.32772   1073459.19654   14.29711   25.98898   -0.12810
2464300.86687   131879503.81967   -71904394.07010   1069398.40772   14.13454   26.07828   -0.12943
2464301.23223   132322680.09697   -71080594.74918   1065295.97494   13.97142   26.16656   -0.13075
2464301.59760   132760703.28934   -70254027.31399   1061152.05600   13.80774   26.25383   -0.13206
2464301.96296   133193556.09162   -69424723.82308   1056966.81029   13.64351   26.34008   -0.13337
2464302.32833   133621221.39596   -68592716.44334   1052740.39884   13.47875   26.42531   -0.13467
2464302.69369   134043682.29241   -67758037.44881   1048472.98425   13.31345   26.50951   -0.13597
2464303.05906   134460922.06964   -66920719.21953   1044164.73071   13.14763   26.59269   -0.13726
2464303.42442   134872924.21559   -66080794.24025   1039815.80402   12.98129   26.67483   -0.13855
2464303.78979   135279672.41813   -65238295.09934   1035426.37155   12.81443   26.75594   -0.13983
2464304.15516   135681150.56572   -64393254.48751   1030996.60224   12.64706   26.83601   -0.14110
2464304.52052   136077342.74807   -63545705.19664   1026526.66662   12.47920   26.91504   -0.14238
2464304.88589   136468233.25673   -62695680.11855   1022016.73677   12.31083   26.99302   -0.14364
2464305.25125   136853806.58579   -61843212.24381   1017466.98632   12.14198   27.06996   -0.14490
2464305.61662   137234047.43245   -60988334.66048   1012877.59047   11.97265   27.14585   -0.14616
2464305.98198   137608940.69766   -60131080.55293   1008248.72595   11.80284   27.22068   -0.14740
2464306.34735   137978471.48674   -59271483.20056   1003580.57104   11.63257   27.29445   -0.14865
2464306.71271   138342625.10995   -58409575.97664   998873.30554   11.46183   27.36717   -0.14988
2464307.07808   138701387.08315   -57545392.34702   994127.11079   11.29063   27.43882   -0.15112
2464307.44344   139054743.12832   -56678965.86888   989342.16964   11.11899   27.50941   -0.15234
2464307.80881   139402679.17418   -55810330.18955   984518.66646   10.94690   27.57893   -0.15356
2464308.17417   139745181.35678   -54939519.04519   979656.78712   10.77437   27.64737   -0.15478
2464308.53954   140082236.02002   -54066566.25961   974756.71900   10.60142   27.71475   -0.15598
2464308.90490   140413829.71626   -53191505.74295   969818.65095   10.42804   27.78105   -0.15719
2464309.27027   140739949.20685   -52314371.49046   964842.77333   10.25425   27.84626   -0.15838
2464309.63564   141060581.46268   -51435197.58124   959829.27797   10.08005   27.91040   -0.15957
2464310.00100   141375713.66472   -50554018.17696   954778.35819   9.90544   27.97345   -0.16075
2464310.36637   141685333.20455   -49670867.52057   949690.20874   9.73044   28.03542   -0.16193
2464310.73173   141989427.68490   -48785779.93509   944565.02585   9.55504   28.09629   -0.16310
2464311.09710   142287984.92014   -47898789.82228   939403.00721   9.37927   28.15607   -0.16427
2464311.46246   142580992.93682   -47009931.66138   934204.35194   9.20312   28.21476   -0.16543
2464311.82783   142868439.97414   -46119240.00781   928969.26061   9.02659   28.27235   -0.16658
2464312.19319   143150314.48449   -45226749.49192   923697.93519   8.84971   28.32884   -0.16772
2464312.55856   143426605.13389   -44332494.81767   918390.57912   8.67247   28.38423   -0.16886
2464312.92392   143697300.80250   -43436510.76134   913047.39722   8.49488   28.43852   -0.17000
2464313.28929   143962390.58508   -42538832.17024   907668.59572   8.31695   28.49170   -0.17112
2464313.65465   144221863.79148   -41639493.96141   902254.38227   8.13868   28.54377   -0.17224
2464314.02002   144475709.94704   -40738531.12033   896804.96590   7.96008   28.59473   -0.17336
2464314.38539   144723918.79312   -39835978.69959   891320.55703   7.78117   28.64458   -0.17446
2464314.75075   144966480.28748   -38931871.81759   885801.36745   7.60193   28.69332   -0.17556
2464315.11612   145203384.60473   -38026245.65724   880247.61033   7.42239   28.74093   -0.17665
2464315.48148   145434622.13677   -37119135.46462   874659.50019   7.24255   28.78743   -0.17774
2464315.84685   145660183.49322   -36210576.54770   869037.25293   7.06241   28.83281   -0.17882
2464316.21221   145880059.50179   -35300604.27498   863381.08577   6.88199   28.87707   -0.17989
2464316.57758   146094241.20873   -34389254.07418   857691.21728   6.70128   28.92020   -0.18096
2464316.94294   146302719.87918   -33476561.43095   851967.86736   6.52030   28.96220   -0.18201
2464317.30831   146505486.99760   -32562561.88746   846211.25723   6.33906   29.00308   -0.18307
2464317.67367   146702534.26816   -31647291.04114   840421.60944   6.15755   29.04283   -0.18411
2464318.03904   146893853.61504   -30730784.54333   834599.14784   5.97580   29.08144   -0.18515
2464318.40440   147079437.18288   -29813078.09791   828744.09756   5.79379   29.11893   -0.18618
2464318.76977   147259277.33709   -28894207.45999   822856.68504   5.61155   29.15528   -0.18720
2464319.13514   147433366.66421   -27974208.43457   816937.13800   5.42908   29.19049   -0.18821
2464319.50050   147601697.97226   -27053116.87517   810985.68543   5.24638   29.22456   -0.18922
2464319.86587   147764264.29107   -26130968.68249   805002.55760   5.06347   29.25750   -0.19022
2464320.23123   147921058.87259   -25207799.80309   798987.98602   4.88034   29.28930   -0.19122
2464320.59660   148072075.19122   -24283646.22800   792942.20345   4.69702   29.31995   -0.19220
2464320.96196   148217306.94415   -23358543.99136   786865.44390   4.51349   29.34946   -0.19318
2464321.32733   148356748.05159   -22432529.16910   780757.94260   4.32978   29.37782   -0.19415
2464321.69269   148490392.65715   -21505637.87755   774619.93603   4.14588   29.40504   -0.19512
2464322.05806   148618235.12806   -20577906.27210   768451.66184   3.96181   29.43112   -0.19607
2464322.42342   148740270.05546   -19649370.54581   762253.35894   3.77757   29.45604   -0.19702
2464322.78879   148856492.25472   -18720066.92805   756025.26739   3.59317   29.47982   -0.19796
2464323.15415   148966896.76562   -17790031.68316   749767.62846   3.40861   29.50244   -0.19889
2464323.51952   149071478.85268   -16859301.10903   743480.68460   3.22391   29.52391   -0.19982
2464323.88488   149170234.00536   -15927911.53577   737164.67943   3.03907   29.54423   -0.20074
2464324.25025   149263157.93830   -14995899.32432   730819.85773   2.85410   29.56340   -0.20165
2464324.61562   149350246.59158   -14063300.86506   724446.46543   2.66900   29.58141   -0.20255
2464324.98098   149431496.13090   -13130152.57645   718044.74961   2.48379   29.59827   -0.20344
2464325.34635   149506902.94783   -12196490.90365   711614.95848   2.29846   29.61397   -0.20433
2464325.71171   149576463.65999   -11262352.31711   705157.34137   2.11303   29.62852   -0.20521
2464326.07708   149640175.11125   -10327773.31122   698672.14875   1.92751   29.64190   -0.20608
2464326.44244   149698034.37193   -9392790.40291   692159.63216   1.74189   29.65413   -0.20694
2464326.80781   149750038.73898   -8457440.13026   685620.04428   1.55619   29.66520   -0.20780
2464327.17317   149796185.73613   -7521759.05111   679053.63884   1.37042   29.67511   -0.20864
2464327.53854   149836473.11407   -6585783.74167   672460.67067   1.18458   29.68386   -0.20948
2464327.90390   149870898.85061   -5649550.79515   665841.39567   0.99868   29.69145   -0.21031
2464328.26927   149899461.15082   -4713096.82032   659196.07080   0.81272   29.69788   -0.21113
2464328.63463   149922158.44716   -3776458.44016   652524.95406   0.62672   29.70314   -0.21195
2464329.00000   149938989.39963   -2839672.29042   645828.30450   0.44068   29.70725   -0.21275
