# 80 rows of flux data
# 12 columns of flux data
# 
# total cross-sectional flux  6.884956e-02 /m^2/yr
#
#                             +x ram      -x wake      +y port -y starboard    +z zenith     -z nadir        Earth          Sun     anti-Sun      rot (x)      rot (y)      rot (z) 
# average speed (km/s)          0.06         0.08         0.20         0.13         0.88         0.90         5.14         0.20         0.11         0.40         0.24         0.59 
# total flux (#/m2/yr)  5.233639e-02 2.705874e-03 2.597575e-02 2.604654e-02 2.059762e-01 2.013937e-01 1.553367e-01 2.619485e-02 2.628970e-02 4.309736e-02 1.019001e-01 1.316683e-02 
# velocity (km/s)
     0.5                0.000000e+00 0.000000e+00 0.000000e+00 0.000000e+00 0.000000e+00 0.000000e+00 0.000000e+00 0.000000e+00 0.000000e+00 0.000000e+00 0.000000e+00 0.000000e+00 
     1.5                8.529371e-06 1.225697e-05 6.160986e-06 7.462817e-06 6.806488e-06 5.643567e-06 7.149463e-06 6.152374e-06 7.464592e-06 2.015052e-05 2.538316e-05 2.555940e-05 
     2.5                4.587490e-05 4.502691e-05 3.853209e-05 4.617530e-05 5.061711e-05 4.622366e-05 3.702512e-05 3.849884e-05 4.616787e-05 1.437268e-04 1.402685e-04 1.367825e-04 
     3.5                9.691527e-05 9.117296e-05 6.544114e-05 7.339579e-05 8.756875e-05 6.700041e-05 8.483821e-05 6.546638e-05 7.333439e-05 2.363653e-04 2.410709e-04 2.413598e-04 
     4.5                2.751137e-04 8.700326e-05 1.865709e-04 1.889730e-04 2.466664e-04 2.426550e-04 2.729099e-04 1.866734e-04 1.888399e-04 5.990593e-04 5.594675e-04 5.655455e-04 
     5.5                3.610419e-04 1.459039e-04 2.632856e-04 2.587046e-04 3.822553e-04 3.484755e-04 3.655118e-04 2.631668e-04 2.588169e-04 9.193235e-04 8.634289e-04 8.025579e-04 
     6.5                2.702458e-04 2.792627e-04 3.599239e-04 3.341471e-04 6.154027e-04 5.800009e-04 4.715430e-04 3.598206e-04 3.344786e-04 1.266999e-03 1.073949e-03 9.524518e-04 
     7.5                3.695718e-04 2.428192e-04 4.703701e-04 4.057177e-04 8.088464e-04 8.706639e-04 6.627771e-04 4.702742e-04 4.060379e-04 1.493845e-03 1.227852e-03 1.186917e-03 
     8.5                4.243316e-04 3.604449e-04 5.676527e-04 5.585761e-04 1.088552e-03 1.010115e-03 7.166283e-04 5.677434e-04 5.586560e-04 1.947382e-03 1.581012e-03 1.555634e-03 
     9.5                3.239285e-04 2.863397e-04 5.510271e-04 4.808296e-04 1.488572e-03 1.426129e-03 8.250656e-04 5.511221e-04 4.812901e-04 1.580937e-03 1.160506e-03 1.334091e-03 
    10.5                5.600068e-04 2.449290e-04 7.715045e-04 7.164384e-04 1.975801e-03 2.027406e-03 1.007208e-03 7.716282e-04 7.169168e-04 2.308108e-03 1.679914e-03 1.859882e-03 
    11.5                5.051341e-04 1.686180e-04 9.269746e-04 8.568415e-04 2.148526e-03 2.278425e-03 1.128062e-03 9.273616e-04 8.574916e-04 2.335448e-03 1.413947e-03 2.009701e-03 
    12.5                6.100647e-04 1.682637e-04 9.693894e-04 8.860576e-04 2.862293e-03 2.850494e-03 1.235367e-03 9.697026e-04 8.868393e-04 2.720240e-03 1.750378e-03 2.149802e-03 
    13.5                3.426721e-04 1.342679e-04 8.825416e-04 8.393960e-04 3.502361e-03 3.366663e-03 1.150933e-03 8.829334e-04 8.404829e-04 1.892984e-03 9.296131e-04 1.808301e-03 
    14.5                4.730181e-04 6.820864e-05 9.535420e-04 8.549886e-04 3.760686e-03 3.568566e-03 1.183543e-03 9.540564e-04 8.568604e-04 2.214882e-03 1.256381e-03 1.936601e-03 
    15.5                3.238871e-04 7.210451e-05 9.898070e-04 9.391238e-04 4.231172e-03 4.158455e-03 1.219656e-03 9.902538e-04 9.407031e-04 2.136802e-03 1.059379e-03 1.919872e-03 
    16.5                6.107859e-04 1.145124e-04 1.052119e-03 1.041479e-03 4.714397e-03 4.755515e-03 1.183213e-03 1.052531e-03 1.043526e-03 2.425357e-03 1.346864e-03 2.222845e-03 
    17.5                3.345927e-04 9.022371e-05 1.008847e-03 9.259009e-04 5.226000e-03 5.123112e-03 1.288125e-03 1.010933e-03 9.273300e-04 1.500820e-03 4.919323e-04 1.890923e-03 
    18.5                2.016667e-04 3.141663e-05 1.011030e-03 9.570053e-04 5.558484e-03 5.458562e-03 1.289113e-03 1.013169e-03 9.586332e-04 1.351393e-03 3.852891e-04 1.771635e-03 
    19.5                4.314651e-04 1.864577e-05 1.025301e-03 1.007029e-03 6.288922e-03 6.045358e-03 1.261329e-03 1.026298e-03 1.009669e-03 1.161443e-03 6.761588e-04 1.891344e-03 
    20.5                1.783294e-04 3.005038e-05 8.622385e-04 8.883817e-04 6.422342e-03 6.427114e-03 1.169672e-03 8.632581e-04 8.913778e-04 5.503426e-04 6.623232e-04 1.464786e-03 
    21.5                4.144835e-04 5.288009e-05 9.552098e-04 8.167633e-04 6.911714e-03 6.810643e-03 1.305122e-03 9.582299e-04 8.199429e-04 2.559001e-04 1.056663e-03 1.185762e-03 
    22.5                3.635901e-04 1.590740e-05 7.863650e-04 8.818882e-04 7.356218e-03 7.503676e-03 1.187356e-03 7.879734e-04 8.855922e-04 6.035758e-04 1.668222e-03 1.116286e-03 
    23.5                1.193794e-03 1.485209e-05 6.924956e-04 6.632210e-04 7.592942e-03 7.253440e-03 1.035297e-03 6.949172e-04 6.687475e-04 1.798048e-03 3.112768e-03 5.169868e-04 
    24.5                6.428602e-04 1.433568e-05 6.708223e-04 6.757393e-04 7.348675e-03 7.399488e-03 1.218044e-03 6.736047e-04 6.788741e-04 1.170178e-03 2.261845e-03 5.518405e-04 
    25.5                1.553635e-03 7.597681e-06 4.945999e-04 6.349966e-04 8.111264e-03 7.796669e-03 1.052987e-03 4.982247e-04 6.420969e-04 2.683468e-03 3.988256e-03 6.551650e-04 
    26.5                1.479073e-03 4.255351e-06 5.579538e-04 5.070351e-04 7.714527e-03 7.606403e-03 1.285884e-03 5.614245e-04 5.111133e-04 2.912919e-03 4.174329e-03 4.735839e-04 
    27.5                2.142532e-03 2.785428e-06 3.175576e-04 3.188672e-04 7.930100e-03 7.614504e-03 1.231645e-03 3.291388e-04 3.268504e-04 3.843734e-03 5.211411e-03 1.358886e-03 
    28.5                1.986092e-03 4.379245e-07 2.572324e-04 2.502165e-04 7.461632e-03 7.435969e-03 1.382761e-03 2.669573e-04 2.588719e-04 3.903328e-03 5.092358e-03 1.313503e-03 
    29.5                1.958139e-03 3.764685e-08 2.475133e-04 2.526115e-04 7.766288e-03 7.512647e-03 1.443276e-03 2.534339e-04 2.647973e-04 4.082479e-03 5.140199e-03 1.372333e-03 
    30.5                3.421688e-03 0.000000e+00 1.215147e-04 7.508694e-05 7.992623e-03 8.000475e-03 1.721939e-03 1.503975e-04 8.625911e-05 5.417570e-03 7.057286e-03 2.905382e-03 
    31.5                2.966851e-03 0.000000e+00 7.512854e-05 6.161677e-05 7.105622e-03 7.183529e-03 1.803891e-03 1.028460e-04 9.087904e-05 4.841638e-03 6.240473e-03 2.533173e-03 
    32.5                3.546686e-03 0.000000e+00 2.544085e-04 2.334513e-04 6.570463e-03 6.685775e-03 2.386398e-03 2.593988e-04 2.481932e-04 6.012936e-03 7.259854e-03 3.293197e-03 
    33.5                2.556535e-03 0.000000e+00 9.919941e-05 6.359821e-05 6.523831e-03 5.975399e-03 1.918904e-03 1.243429e-04 7.508671e-05 4.543006e-03 5.625293e-03 2.295585e-03 
    34.5                3.045192e-03 0.000000e+00 6.442771e-05 1.157293e-04 5.763788e-03 5.797549e-03 2.189669e-03 9.471995e-05 1.350657e-04 4.575149e-03 5.987097e-03 2.685457e-03 
    35.5                2.945432e-03 0.000000e+00 1.290639e-04 1.214606e-04 5.939437e-03 5.729392e-03 1.999545e-03 1.309538e-04 1.392937e-04 4.480775e-03 5.771483e-03 2.637011e-03 
    36.5                2.413342e-03 0.000000e+00 2.917481e-04 1.309333e-04 5.322160e-03 4.868914e-03 2.449153e-03 3.078925e-04 1.294542e-04 3.867108e-03 4.965992e-03 2.085428e-03 
    37.5                2.876317e-03 0.000000e+00 9.961676e-05 1.518718e-04 4.904061e-03 4.539348e-03 2.491147e-03 1.073375e-04 1.603971e-04 4.028239e-03 5.314153e-03 2.552536e-03 
    38.5                8.338913e-04 0.000000e+00 3.593927e-04 3.683782e-04 3.569858e-03 3.636626e-03 2.736516e-03 3.628753e-04 3.717761e-04 1.864139e-03 2.268499e-03 5.928257e-04 
    39.5                2.296133e-03 0.000000e+00 2.001385e-04 1.843091e-04 3.186873e-03 3.065110e-03 2.944301e-03 2.032655e-04 1.913030e-04 3.060909e-03 4.226794e-03 1.918400e-03 
    40.5                1.661623e-03 0.000000e+00 2.409593e-04 2.676505e-04 3.015999e-03 2.915989e-03 2.817027e-03 2.527994e-04 2.656679e-04 2.305756e-03 3.193482e-03 1.297489e-03 
    41.5                1.065834e-03 0.000000e+00 4.267011e-04 4.192882e-04 3.421616e-03 3.209497e-03 2.823597e-03 4.347507e-04 4.207994e-04 1.487170e-03 2.070418e-03 9.346893e-04 
    42.5                7.945451e-04 0.000000e+00 4.955129e-04 4.732952e-04 2.415494e-03 2.163528e-03 3.075269e-03 4.932904e-04 4.772483e-04 1.339373e-03 1.897765e-03 5.228333e-04 
    43.5                2.491398e-03 0.000000e+00 1.934697e-04 1.923387e-04 2.121368e-03 2.162148e-03 3.643950e-03 2.018583e-04 1.958045e-04 2.604154e-03 3.951680e-03 2.182023e-03 
    44.5                1.373773e-03 0.000000e+00 4.614889e-04 5.281620e-04 2.083558e-03 2.432671e-03 4.017157e-03 4.653520e-04 5.252566e-04 1.464856e-03 2.439335e-03 9.551460e-04 
    45.5                2.176844e-03 0.000000e+00 2.893035e-04 3.016571e-04 1.802893e-03 1.767155e-03 3.967907e-03 2.864366e-04 3.110111e-04 1.590280e-03 3.063411e-03 1.827679e-03 
    46.5                8.069448e-04 0.000000e+00 5.186330e-04 4.166592e-04 1.268208e-03 1.298661e-03 4.057635e-03 5.249291e-04 4.133841e-04 6.148117e-04 1.309232e-03 5.639510e-04 
    47.5                1.549187e-03 0.000000e+00 3.784895e-04 5.310010e-04 1.092154e-03 8.464537e-04 5.221061e-03 3.798619e-04 5.332733e-04 1.136766e-03 2.280308e-03 1.200746e-03 
    48.5                2.899125e-03 0.000000e+00 2.047178e-04 2.271173e-04 1.721118e-03 1.942935e-03 4.990348e-03 1.999745e-04 2.362075e-04 2.220375e-03 3.915926e-03 2.631817e-03 
    49.5                1.638432e-03 0.000000e+00 3.943649e-04 3.166731e-04 1.271957e-03 1.325388e-03 5.536697e-03 3.986937e-04 3.206567e-04 1.204242e-03 2.343067e-03 1.328463e-03 
    50.5                5.044641e-04 0.000000e+00 5.370837e-04 5.624502e-04 6.045009e-04 6.110088e-04 5.686057e-03 5.408630e-04 5.654970e-04 1.176068e-04 1.459094e-04 8.770009e-04 
    51.5                4.463758e-03 0.000000e+00 8.129102e-04 8.201058e-04 1.059199e-03 6.920529e-04 6.215847e-03 8.232175e-04 8.064288e-04 2.086012e-03 4.682629e-03 4.825990e-03 
    52.5                3.913380e-03 0.000000e+00 6.235303e-04 7.791397e-04 1.049703e-03 8.415027e-04 5.906222e-03 6.243333e-04 7.813053e-04 1.448688e-03 3.812374e-03 4.270986e-03 
    53.5                3.037114e-03 0.000000e+00 5.708889e-04 5.536228e-04 6.605661e-04 7.028240e-04 6.686059e-03 5.751178e-04 5.527756e-04 9.997193e-04 2.837826e-03 3.334213e-03 
    54.5                2.204666e-03 0.000000e+00 3.049395e-04 3.561512e-04 1.240268e-03 1.251959e-03 7.082632e-03 2.915905e-04 3.781578e-04 8.843542e-04 2.491614e-03 2.155752e-03 
    55.5                7.748506e-04 0.000000e+00 3.139312e-04 3.382624e-04 1.262969e-03 1.415247e-03 6.956049e-03 3.167582e-04 3.403682e-04 2.903575e-04 9.594233e-04 6.169324e-04 
    56.5                7.717725e-04 0.000000e+00 3.669301e-04 3.749515e-04 1.042816e-03 1.110364e-03 6.625020e-03 3.789968e-04 3.698366e-04 7.375677e-04 7.826558e-04 7.458615e-04 
    57.5                2.072000e-03 0.000000e+00 2.570075e-04 3.193488e-04 1.515154e-03 1.226750e-03 6.446321e-03 2.498441e-04 3.305668e-04 6.644551e-04 2.311939e-03 1.957764e-03 
    58.5                1.071248e-03 0.000000e+00 1.738629e-04 1.505670e-04 1.098109e-03 9.106317e-04 5.719737e-03 1.783620e-04 1.595270e-04 2.457758e-04 1.172292e-03 9.258925e-04 
    59.5                1.241184e-03 0.000000e+00 2.464510e-04 3.019998e-04 1.276576e-03 1.349488e-03 5.495614e-03 2.466607e-04 3.111819e-04 8.996147e-04 1.342883e-03 1.351775e-03 
    60.5                7.535511e-04 0.000000e+00 1.376059e-04 1.780885e-04 1.164139e-03 1.089862e-03 5.110715e-03 1.505869e-04 1.695936e-04 5.529362e-04 7.469020e-04 7.192277e-04 
    61.5                1.546015e-03 0.000000e+00 2.201363e-04 2.417013e-04 1.350092e-03 1.116828e-03 4.495273e-03 2.169759e-04 2.514173e-04 1.034809e-03 1.635780e-03 1.575479e-03 
    62.5                1.470244e-03 0.000000e+00 1.034782e-04 1.153020e-04 1.067875e-03 1.098300e-03 4.746432e-03 1.027508e-04 1.230869e-04 4.177490e-04 1.415820e-03 1.418921e-03 
    63.5                1.506379e-03 0.000000e+00 1.114325e-04 1.113298e-04 1.086481e-03 9.219438e-04 3.287857e-03 1.142441e-04 1.190629e-04 6.641101e-04 1.519216e-03 1.515549e-03 
    64.5                1.740724e-03 0.000000e+00 7.298773e-05 5.777651e-05 8.960092e-04 8.603633e-04 3.110277e-03 7.994900e-05 5.766855e-05 1.819258e-04 1.674806e-03 1.732121e-03 
    65.5                1.752860e-03 0.000000e+00 7.465269e-05 8.417336e-05 7.663333e-04 7.280640e-04 2.588994e-03 7.827027e-05 8.830804e-05 2.825084e-04 1.715789e-03 1.757890e-03 
    66.5                1.049496e-03 0.000000e+00 7.470204e-05 5.471143e-05 5.352369e-04 5.521543e-04 2.063831e-03 7.673631e-05 5.470834e-05 9.113543e-05 9.957572e-04 1.058120e-03 
    67.5                1.404764e-03 0.000000e+00 9.505690e-05 8.944479e-05 4.409454e-04 3.942350e-04 1.528512e-03 9.670232e-05 8.966418e-05 2.161118e-04 1.385499e-03 1.423680e-03 
    68.5                1.328510e-03 0.000000e+00 8.992341e-05 8.481291e-05 3.460454e-04 2.741795e-04 1.103896e-03 9.220437e-05 8.418188e-05 2.148936e-04 1.327393e-03 1.346505e-03 
    69.5                1.264867e-03 0.000000e+00 8.051713e-05 7.610408e-05 1.766591e-04 1.638810e-04 8.839418e-04 8.167167e-05 7.559200e-05 1.851085e-04 1.266070e-03 1.278239e-03 
    70.5                9.662622e-04 0.000000e+00 4.816981e-05 4.753575e-05 8.340621e-05 5.793219e-05 4.870673e-04 4.961529e-05 4.638753e-05 1.284343e-04 9.693923e-04 9.729726e-04 
    71.5                3.735333e-04 0.000000e+00 1.096115e-05 1.085578e-05 1.521571e-05 6.460180e-06 1.157279e-04 1.181740e-05 1.018082e-05 3.206142e-05 3.742360e-04 3.745475e-04 
    72.5                4.350837e-07 0.000000e+00 4.293397e-09 6.665492e-09 9.064171e-09 2.940805e-09 0.000000e+00 4.001434e-09 7.419391e-09 1.836290e-08 4.352847e-07 4.352795e-07 
    73.5                0.000000e+00 0.000000e+00 0.000000e+00 0.000000e+00 0.000000e+00 0.000000e+00 0.000000e+00 0.000000e+00 0.000000e+00 0.000000e+00 0.000000e+00 0.000000e+00 
    74.5                0.000000e+00 0.000000e+00 0.000000e+00 0.000000e+00 0.000000e+00 0.000000e+00 0.000000e+00 0.000000e+00 0.000000e+00 0.000000e+00 0.000000e+00 0.000000e+00 
    75.5                0.000000e+00 0.000000e+00 0.000000e+00 0.000000e+00 0.000000e+00 0.000000e+00 0.000000e+00 0.000000e+00 0.000000e+00 0.000000e+00 0.000000e+00 0.000000e+00 
    76.5                0.000000e+00 0.000000e+00 0.000000e+00 0.000000e+00 0.000000e+00 0.000000e+00 0.000000e+00 0.000000e+00 0.000000e+00 0.000000e+00 0.000000e+00 0.000000e+00 
    77.5                0.000000e+00 0.000000e+00 0.000000e+00 0.000000e+00 0.000000e+00 0.000000e+00 0.000000e+00 0.000000e+00 0.000000e+00 0.000000e+00 0.000000e+00 0.000000e+00 
    78.5                0.000000e+00 0.000000e+00 0.000000e+00 0.000000e+00 0.000000e+00 0.000000e+00 0.000000e+00 0.000000e+00 0.000000e+00 0.000000e+00 0.000000e+00 0.000000e+00 
    79.5                0.000000e+00 0.000000e+00 0.000000e+00 0.000000e+00 0.000000e+00 0.000000e+00 0.000000e+00 0.000000e+00 0.000000e+00 0.000000e+00 0.000000e+00 0.000000e+00 


