# 80 rows of flux data
# 12 columns of flux data
# 
# total cross-sectional flux  2.155546e+00 /m^2/yr
#
#                             +x ram      -x wake      +y port -y starboard    +z zenith     -z nadir        Earth          Sun     anti-Sun      rot (x)      rot (y)      rot (z) 
# average speed (km/s)         43.61        11.55        29.50        29.55        31.46        33.91        33.81        29.61        29.44        31.40        37.07        38.67 
# total flux (#/m2/yr)  1.167456e+00 3.538414e-02 3.265731e-01 3.209808e-01 9.578858e-01 3.901467e-01 4.112418e-01 3.289476e-01 3.186168e-01 1.599580e+00 1.955798e+00 1.512927e+00 
# velocity (km/s)
     0.5                0.000000e+00 0.000000e+00 0.000000e+00 0.000000e+00 0.000000e+00 0.000000e+00 0.000000e+00 0.000000e+00 0.000000e+00 0.000000e+00 0.000000e+00 0.000000e+00 
     1.5                4.112142e-05 3.029116e-05 3.391568e-05 3.522101e-05 2.600381e-05 2.125299e-05 3.388506e-05 3.393353e-05 3.519352e-05 9.027991e-05 9.040781e-05 1.084614e-04 
     2.5                2.855371e-04 1.737494e-04 2.233345e-04 2.242688e-04 1.655880e-04 1.616935e-04 2.301814e-04 2.235723e-04 2.240387e-04 6.042386e-04 6.156163e-04 6.958476e-04 
     3.5                8.867426e-04 5.230491e-04 7.621577e-04 7.651227e-04 6.681203e-04 6.110098e-04 7.880826e-04 7.629231e-04 7.643658e-04 2.170067e-03 2.093239e-03 2.286690e-03 
     4.5                1.479720e-03 1.069084e-03 1.470430e-03 1.474905e-03 1.515036e-03 1.061050e-03 1.480437e-03 1.471289e-03 1.474045e-03 4.304034e-03 4.001816e-03 4.299347e-03 
     5.5                2.030335e-03 1.557185e-03 2.403747e-03 2.409584e-03 2.546414e-03 1.933620e-03 2.398785e-03 2.404677e-03 2.408533e-03 7.246074e-03 6.273411e-03 6.608510e-03 
     6.5                2.912429e-03 1.979590e-03 3.369941e-03 3.320509e-03 3.762459e-03 2.602776e-03 3.373386e-03 3.371898e-03 3.318563e-03 1.013657e-02 8.796544e-03 9.124247e-03 
     7.5                3.210103e-03 2.523759e-03 4.347982e-03 4.304857e-03 5.494556e-03 3.453334e-03 4.280148e-03 4.349425e-03 4.303427e-03 1.366563e-02 1.155226e-02 1.133145e-02 
     8.5                3.590703e-03 2.996495e-03 5.083178e-03 5.072868e-03 6.668829e-03 4.358340e-03 4.993811e-03 5.084360e-03 5.071562e-03 1.649996e-02 1.394868e-02 1.320489e-02 
     9.5                4.592450e-03 3.243418e-03 6.173973e-03 6.096290e-03 9.165449e-03 5.144158e-03 6.072109e-03 6.176787e-03 6.093457e-03 2.074019e-02 1.758120e-02 1.585250e-02 
    10.5                4.833171e-03 3.147060e-03 6.834998e-03 6.730293e-03 1.081947e-02 5.590565e-03 6.693743e-03 6.838493e-03 6.726732e-03 2.338156e-02 1.944997e-02 1.698729e-02 
    11.5                5.701303e-03 3.002122e-03 7.482793e-03 7.386414e-03 1.272147e-02 6.604718e-03 7.389742e-03 7.488367e-03 7.380691e-03 2.672990e-02 2.241565e-02 1.864646e-02 
    12.5                6.166540e-03 2.758401e-03 8.115700e-03 7.973715e-03 1.456998e-02 6.844231e-03 8.010887e-03 8.122748e-03 7.966500e-03 2.932868e-02 2.441072e-02 1.980417e-02 
    13.5                6.894201e-03 2.544477e-03 8.546803e-03 8.424367e-03 1.696784e-02 7.404121e-03 8.458763e-03 8.555854e-03 8.415214e-03 3.253305e-02 2.729366e-02 2.100771e-02 
    14.5                7.636625e-03 2.154957e-03 8.845228e-03 8.728729e-03 1.807663e-02 7.706990e-03 8.822112e-03 8.856609e-03 8.717166e-03 3.410257e-02 2.868341e-02 2.181782e-02 
    15.5                8.144912e-03 1.870315e-03 9.025946e-03 8.864554e-03 1.938614e-02 7.818868e-03 9.037810e-03 9.039010e-03 8.851356e-03 3.559418e-02 3.018192e-02 2.234905e-02 
    16.5                8.589364e-03 1.554218e-03 9.285645e-03 9.112511e-03 2.096058e-02 7.656345e-03 9.259304e-03 9.300498e-03 9.097918e-03 3.703935e-02 3.143400e-02 2.280240e-02 
    17.5                9.429118e-03 1.220067e-03 9.307856e-03 9.125710e-03 2.255697e-02 7.951766e-03 9.340470e-03 9.324880e-03 9.108375e-03 3.881016e-02 3.334776e-02 2.325607e-02 
    18.5                1.029676e-02 9.842013e-04 9.302424e-03 9.100718e-03 2.368974e-02 7.928904e-03 9.392777e-03 9.321922e-03 9.081238e-03 3.972292e-02 3.458152e-02 2.375745e-02 
    19.5                1.086775e-02 7.470121e-04 9.224174e-03 9.049805e-03 2.537744e-02 7.445364e-03 9.298852e-03 9.245414e-03 9.028685e-03 4.073935e-02 3.583042e-02 2.395569e-02 
    20.5                1.152003e-02 5.178754e-04 9.009805e-03 8.828138e-03 2.552353e-02 7.570673e-03 9.167803e-03 9.032828e-03 8.805111e-03 4.053047e-02 3.618386e-02 2.383370e-02 
    21.5                1.276040e-02 3.151516e-04 9.034487e-03 8.803632e-03 2.657383e-02 7.296835e-03 9.265963e-03 9.060732e-03 8.777788e-03 4.128226e-02 3.729141e-02 2.460881e-02 
    22.5                1.342386e-02 2.095177e-04 8.948241e-03 8.726064e-03 2.805928e-02 7.133801e-03 9.174009e-03 8.975884e-03 8.698398e-03 4.228917e-02 3.868288e-02 2.477717e-02 
    23.5                1.485747e-02 1.090757e-04 8.540750e-03 8.326625e-03 2.853641e-02 7.379277e-03 8.909538e-03 8.571671e-03 8.295816e-03 4.246948e-02 3.986881e-02 2.523858e-02 
    24.5                1.424461e-02 6.609040e-05 8.223604e-03 8.031435e-03 2.737584e-02 6.710393e-03 8.545729e-03 8.253218e-03 8.001704e-03 4.037593e-02 3.780907e-02 2.396533e-02 
    25.5                1.630931e-02 4.500025e-05 8.077156e-03 7.847847e-03 2.909142e-02 6.943576e-03 8.567295e-03 8.111345e-03 7.813961e-03 4.199594e-02 4.051382e-02 2.532126e-02 
    26.5                1.667268e-02 2.500271e-05 7.845085e-03 7.648414e-03 2.867205e-02 7.361267e-03 8.381368e-03 7.879950e-03 7.613599e-03 4.163391e-02 4.051606e-02 2.510104e-02 
    27.5                1.749800e-02 1.228780e-05 7.608337e-03 7.371344e-03 2.848493e-02 7.124454e-03 8.216833e-03 7.644981e-03 7.334800e-03 4.085322e-02 4.045566e-02 2.527102e-02 
    28.5                1.755239e-02 4.402512e-06 7.179765e-03 7.016972e-03 2.697304e-02 7.580559e-03 7.954983e-03 7.216431e-03 6.980189e-03 3.945418e-02 3.948330e-02 2.469396e-02 
    29.5                1.811346e-02 2.813138e-07 6.808777e-03 6.624350e-03 2.743117e-02 7.107240e-03 7.545668e-03 6.846933e-03 6.586693e-03 3.897726e-02 3.965686e-02 2.454181e-02 
    30.5                1.983910e-02 0.000000e+00 6.639936e-03 6.454579e-03 2.783088e-02 6.765139e-03 7.501567e-03 6.681566e-03 6.413172e-03 3.875152e-02 4.063836e-02 2.573539e-02 
    31.5                1.907256e-02 0.000000e+00 6.308493e-03 6.106122e-03 2.557012e-02 7.146086e-03 7.218461e-03 6.348622e-03 6.066421e-03 3.659665e-02 3.847277e-02 2.448530e-02 
    32.5                1.990042e-02 0.000000e+00 6.046317e-03 5.920257e-03 2.457567e-02 7.398197e-03 7.113617e-03 6.087880e-03 5.878524e-03 3.564616e-02 3.831917e-02 2.483996e-02 
    33.5                1.923920e-02 0.000000e+00 5.702388e-03 5.538658e-03 2.351726e-02 7.216029e-03 6.738441e-03 5.742857e-03 5.498599e-03 3.411994e-02 3.676890e-02 2.377287e-02 
    34.5                1.993048e-02 0.000000e+00 5.243694e-03 5.090275e-03 2.212232e-02 7.589858e-03 6.484653e-03 5.285848e-03 5.049008e-03 3.273899e-02 3.645185e-02 2.388766e-02 
    35.5                1.889488e-02 0.000000e+00 4.943086e-03 4.836102e-03 2.145302e-02 6.230010e-03 5.995586e-03 4.982656e-03 4.796585e-03 3.050819e-02 3.395852e-02 2.250788e-02 
    36.5                2.080357e-02 0.000000e+00 4.796222e-03 4.680398e-03 2.089264e-02 7.723308e-03 6.150065e-03 4.840163e-03 4.637263e-03 3.118754e-02 3.591841e-02 2.405001e-02 
    37.5                2.023078e-02 0.000000e+00 4.575186e-03 4.458538e-03 1.960558e-02 7.320855e-03 5.892905e-03 4.618118e-03 4.416791e-03 2.938662e-02 3.409998e-02 2.323372e-02 
    38.5                1.866379e-02 0.000000e+00 4.238040e-03 4.121493e-03 1.697266e-02 6.941217e-03 5.478693e-03 4.277309e-03 4.082643e-03 2.617869e-02 3.075124e-02 2.134927e-02 
    39.5                2.022340e-02 0.000000e+00 4.065810e-03 4.015697e-03 1.602908e-02 8.644552e-03 5.667411e-03 4.108884e-03 3.974122e-03 2.682286e-02 3.236494e-02 2.266803e-02 
    40.5                1.926125e-02 0.000000e+00 3.917350e-03 3.834500e-03 1.523700e-02 7.345690e-03 5.325448e-03 3.957666e-03 3.794195e-03 2.462633e-02 3.009067e-02 2.152630e-02 
    41.5                2.035879e-02 0.000000e+00 3.670845e-03 3.607528e-03 1.540129e-02 7.035432e-03 5.254359e-03 3.713170e-03 3.564639e-03 2.427572e-02 3.086934e-02 2.236701e-02 
    42.5                2.049393e-02 0.000000e+00 3.502395e-03 3.438194e-03 1.379701e-02 7.709623e-03 5.216207e-03 3.545388e-03 3.395406e-03 2.325360e-02 3.011976e-02 2.229884e-02 
    43.5                2.174563e-02 0.000000e+00 3.428135e-03 3.415828e-03 1.268019e-02 8.714744e-03 5.389212e-03 3.474069e-03 3.370742e-03 2.310708e-02 3.095101e-02 2.344273e-02 
    44.5                2.487496e-02 0.000000e+00 3.530952e-03 3.528861e-03 1.345419e-02 7.875281e-03 5.732948e-03 3.582730e-03 3.476520e-03 2.311812e-02 3.353335e-02 2.651912e-02 
    45.5                2.410285e-02 0.000000e+00 3.499186e-03 3.421532e-03 1.220591e-02 8.468514e-03 5.730267e-03 3.550198e-03 3.371658e-03 2.245080e-02 3.223151e-02 2.567727e-02 
    46.5                2.269705e-02 0.000000e+00 3.338353e-03 3.331895e-03 1.110572e-02 8.187454e-03 5.410561e-03 3.385839e-03 3.284379e-03 2.102226e-02 3.019502e-02 2.419066e-02 
    47.5                2.574938e-02 0.000000e+00 3.385477e-03 3.350822e-03 1.068347e-02 9.303451e-03 5.897771e-03 3.439506e-03 3.297073e-03 2.168241e-02 3.309215e-02 2.714372e-02 
    48.5                2.777131e-02 0.000000e+00 3.525655e-03 3.518609e-03 1.162432e-02 8.731578e-03 6.154686e-03 3.583731e-03 3.460444e-03 2.219487e-02 3.497710e-02 2.915984e-02 
    49.5                2.871439e-02 0.000000e+00 3.547284e-03 3.532768e-03 1.141782e-02 8.500454e-03 6.250814e-03 3.607424e-03 3.472719e-03 2.181244e-02 3.548600e-02 3.006392e-02 
    50.5                2.982130e-02 0.000000e+00 3.409363e-03 3.429279e-03 1.032082e-02 8.879597e-03 6.418498e-03 3.471559e-03 3.366653e-03 2.107593e-02 3.612817e-02 3.106679e-02 
    51.5                3.036494e-02 0.000000e+00 3.450629e-03 3.441855e-03 9.710189e-03 8.429188e-03 6.490470e-03 3.514149e-03 3.378278e-03 2.007600e-02 3.596327e-02 3.160084e-02 
    52.5                2.975969e-02 0.000000e+00 3.362790e-03 3.342898e-03 9.818076e-03 7.097859e-03 6.230645e-03 3.425208e-03 3.280752e-03 1.885821e-02 3.484778e-02 3.092200e-02 
    53.5                3.063554e-02 0.000000e+00 3.500825e-03 3.519644e-03 9.128359e-03 7.318533e-03 6.461043e-03 3.564759e-03 3.455349e-03 1.861965e-02 3.546089e-02 3.182902e-02 
    54.5                3.624086e-02 0.000000e+00 3.796180e-03 3.756103e-03 9.914135e-03 6.791879e-03 7.339206e-03 3.872242e-03 3.680473e-03 1.922363e-02 4.079020e-02 3.744466e-02 
    55.5                3.515734e-02 0.000000e+00 3.437415e-03 3.442997e-03 9.454258e-03 5.514748e-03 6.919302e-03 3.510812e-03 3.369238e-03 1.730761e-02 3.906419e-02 3.622429e-02 
    56.5                3.570197e-02 0.000000e+00 3.453021e-03 3.429179e-03 8.564185e-03 5.191272e-03 7.061755e-03 3.527832e-03 3.354553e-03 1.620851e-02 3.910090e-02 3.675367e-02 
    57.5                3.589397e-02 0.000000e+00 3.375138e-03 3.351273e-03 8.826376e-03 5.181788e-03 6.980435e-03 3.450110e-03 3.276005e-03 1.654291e-02 3.934319e-02 3.687806e-02 
    58.5                3.133956e-02 0.000000e+00 3.088242e-03 3.098434e-03 7.220127e-03 4.352452e-03 6.143878e-03 3.153652e-03 3.032666e-03 1.410316e-02 3.407067e-02 3.223896e-02 
    59.5                2.856528e-02 0.000000e+00 2.896646e-03 2.864465e-03 7.008277e-03 2.977902e-03 5.527539e-03 2.957140e-03 2.805394e-03 1.240045e-02 3.082732e-02 2.938942e-02 
    60.5                2.650571e-02 0.000000e+00 2.593866e-03 2.573714e-03 5.926392e-03 2.864811e-03 5.129943e-03 2.649543e-03 2.518447e-03 1.099585e-02 2.840179e-02 2.722886e-02 
    61.5                2.575356e-02 0.000000e+00 2.326409e-03 2.323687e-03 5.314049e-03 2.133731e-03 4.878756e-03 2.380259e-03 2.269742e-03 9.533609e-03 2.721650e-02 2.638664e-02 
    62.5                2.258179e-02 0.000000e+00 1.966401e-03 1.956608e-03 4.550564e-03 1.542040e-03 4.256627e-03 2.013866e-03 1.909554e-03 7.947888e-03 2.372643e-02 2.311288e-02 
    63.5                2.044602e-02 0.000000e+00 1.781807e-03 1.757019e-03 3.846684e-03 9.912795e-04 3.839071e-03 1.824745e-03 1.714376e-03 6.584858e-03 2.130174e-02 2.091073e-02 
    64.5                1.711513e-02 0.000000e+00 1.500778e-03 1.490234e-03 3.090365e-03 6.776818e-04 3.192723e-03 1.536695e-03 1.454514e-03 5.308692e-03 1.773114e-02 1.749719e-02 
    65.5                1.422227e-02 0.000000e+00 1.144384e-03 1.132898e-03 2.441593e-03 4.164337e-04 2.612909e-03 1.174015e-03 1.102999e-03 4.050612e-03 1.464628e-02 1.450561e-02 
    66.5                1.040926e-02 0.000000e+00 8.881105e-04 8.813657e-04 1.627969e-03 2.095892e-04 1.917487e-03 9.098642e-04 8.595499e-04 2.836477e-03 1.065889e-02 1.062155e-02 
    67.5                8.691815e-03 0.000000e+00 6.589196e-04 6.527370e-04 1.300199e-03 1.001814e-04 1.556190e-03 6.772209e-04 6.346574e-04 2.143833e-03 8.860244e-03 8.838549e-03 
    68.5                6.801760e-03 0.000000e+00 4.611322e-04 4.529496e-04 1.003585e-03 4.822340e-05 1.185953e-03 4.758844e-04 4.392320e-04 1.578589e-03 6.916157e-03 6.895538e-03 
    69.5                4.476051e-03 0.000000e+00 2.875095e-04 2.835975e-04 5.107924e-04 2.918846e-05 7.668809e-04 2.970006e-04 2.743534e-04 8.781315e-04 4.524161e-03 4.526878e-03 
    70.5                2.873073e-03 0.000000e+00 1.428769e-04 1.424328e-04 2.323976e-04 3.059199e-05 4.790103e-04 1.488938e-04 1.364240e-04 4.348393e-04 2.891160e-03 2.893231e-03 
    71.5                9.906638e-04 0.000000e+00 2.963950e-05 2.952673e-05 4.004023e-05 1.308928e-05 1.653255e-04 3.186350e-05 2.760415e-05 8.895649e-05 9.928947e-04 9.934782e-04 
    72.5                0.000000e+00 0.000000e+00 0.000000e+00 0.000000e+00 0.000000e+00 0.000000e+00 0.000000e+00 0.000000e+00 0.000000e+00 0.000000e+00 0.000000e+00 0.000000e+00 
    73.5                0.000000e+00 0.000000e+00 0.000000e+00 0.000000e+00 0.000000e+00 0.000000e+00 0.000000e+00 0.000000e+00 0.000000e+00 0.000000e+00 0.000000e+00 0.000000e+00 
    74.5                0.000000e+00 0.000000e+00 0.000000e+00 0.000000e+00 0.000000e+00 0.000000e+00 0.000000e+00 0.000000e+00 0.000000e+00 0.000000e+00 0.000000e+00 0.000000e+00 
    75.5                0.000000e+00 0.000000e+00 0.000000e+00 0.000000e+00 0.000000e+00 0.000000e+00 0.000000e+00 0.000000e+00 0.000000e+00 0.000000e+00 0.000000e+00 0.000000e+00 
    76.5                0.000000e+00 0.000000e+00 0.000000e+00 0.000000e+00 0.000000e+00 0.000000e+00 0.000000e+00 0.000000e+00 0.000000e+00 0.000000e+00 0.000000e+00 0.000000e+00 
    77.5                0.000000e+00 0.000000e+00 0.000000e+00 0.000000e+00 0.000000e+00 0.000000e+00 0.000000e+00 0.000000e+00 0.000000e+00 0.000000e+00 0.000000e+00 0.000000e+00 
    78.5                0.000000e+00 0.000000e+00 0.000000e+00 0.000000e+00 0.000000e+00 0.000000e+00 0.000000e+00 0.000000e+00 0.000000e+00 0.000000e+00 0.000000e+00 0.000000e+00 
    79.5                0.000000e+00 0.000000e+00 0.000000e+00 0.000000e+00 0.000000e+00 0.000000e+00 0.000000e+00 0.000000e+00 0.000000e+00 0.000000e+00 0.000000e+00 0.000000e+00 


