# 80 rows of flux data
# 12 columns of flux data
# 
# total cross-sectional flux  2.026864e+00 /m^2/yr
#
#                             +x ram      -x wake      +y port -y starboard    +z zenith     -z nadir        Earth          Sun     anti-Sun      rot (x)      rot (y)      rot (z) 
# average speed (km/s)         43.70        11.35        29.25        29.21        31.53        31.54        26.20        29.20        29.26        30.64        36.68        37.60 
# total flux (#/m2/yr)  1.069934e+00 4.057821e-02 3.747723e-01 3.782644e-01 5.920910e-01 5.869713e-01 2.919329e-01 3.735402e-01 3.795066e-01 1.518355e+00 1.759317e+00 1.499662e+00 
# velocity (km/s)
     0.5                0.000000e+00 0.000000e+00 0.000000e+00 0.000000e+00 0.000000e+00 0.000000e+00 0.000000e+00 0.000000e+00 0.000000e+00 0.000000e+00 0.000000e+00 0.000000e+00 
     1.5                6.376027e-05 6.257224e-05 5.043937e-05 4.846844e-05 3.710560e-05 3.425687e-05 5.345635e-05 5.042755e-05 4.845948e-05 1.333633e-04 1.561683e-04 1.750201e-04 
     2.5                4.063988e-04 2.854423e-04 3.142614e-04 3.050059e-04 2.658926e-04 2.701061e-04 3.178934e-04 3.141186e-04 3.051539e-04 9.068532e-04 9.562964e-04 1.023857e-03 
     3.5                9.925186e-04 7.307150e-04 8.836815e-04 9.055731e-04 7.650560e-04 7.519488e-04 9.056337e-04 8.834082e-04 9.059291e-04 2.599677e-03 2.493671e-03 2.712352e-03 
     4.5                1.629853e-03 1.183299e-03 1.787494e-03 1.794278e-03 1.587487e-03 1.560311e-03 1.819848e-03 1.786913e-03 1.794770e-03 5.292412e-03 4.635078e-03 4.978953e-03 
     5.5                2.714838e-03 1.895518e-03 2.989331e-03 2.954500e-03 2.830550e-03 2.829505e-03 3.000112e-03 2.988411e-03 2.955549e-03 9.124662e-03 8.011598e-03 8.294239e-03 
     6.5                3.256716e-03 2.538343e-03 3.976702e-03 4.028807e-03 3.980682e-03 3.967425e-03 3.977158e-03 3.975701e-03 4.029534e-03 1.254816e-02 1.076011e-02 1.085036e-02 
     7.5                3.928114e-03 3.024270e-03 5.200425e-03 5.229723e-03 5.438861e-03 5.490577e-03 5.156876e-03 5.199412e-03 5.230882e-03 1.679653e-02 1.408367e-02 1.373437e-02 
     8.5                4.605855e-03 3.703827e-03 6.209166e-03 6.230746e-03 6.785763e-03 6.712904e-03 6.147887e-03 6.208074e-03 6.231823e-03 2.040022e-02 1.720920e-02 1.648187e-02 
     9.5                5.147401e-03 3.708592e-03 7.079598e-03 7.198048e-03 7.974248e-03 7.854413e-03 6.978092e-03 7.077702e-03 7.199610e-03 2.368853e-02 1.957942e-02 1.838972e-02 
    10.5                6.141435e-03 3.638130e-03 8.274358e-03 8.268111e-03 9.557637e-03 9.619995e-03 7.975209e-03 8.271534e-03 8.271305e-03 2.809866e-02 2.302245e-02 2.090923e-02 
    11.5                6.818301e-03 3.232854e-03 9.160722e-03 9.276112e-03 1.093140e-02 1.083018e-02 8.794768e-03 9.156339e-03 9.280347e-03 3.163051e-02 2.545087e-02 2.273339e-02 
    12.5                7.484024e-03 3.061250e-03 9.907413e-03 9.915041e-03 1.218233e-02 1.224237e-02 9.367250e-03 9.901976e-03 9.920236e-03 3.479243e-02 2.792609e-02 2.419313e-02 
    13.5                7.573456e-03 2.820985e-03 1.017849e-02 1.028375e-02 1.289220e-02 1.287991e-02 9.529847e-03 1.017286e-02 1.028954e-02 3.635257e-02 2.914653e-02 2.469668e-02 
    14.5                8.584001e-03 2.309531e-03 1.060347e-02 1.070075e-02 1.393549e-02 1.385930e-02 9.803596e-03 1.059599e-02 1.070835e-02 3.862919e-02 3.117635e-02 2.583300e-02 
    15.5                8.729208e-03 2.036523e-03 1.091553e-02 1.099409e-02 1.467302e-02 1.463153e-02 9.986166e-03 1.090726e-02 1.100192e-02 4.027207e-02 3.247911e-02 2.626423e-02 
    16.5                1.012689e-02 1.651596e-03 1.129832e-02 1.145884e-02 1.574673e-02 1.549342e-02 1.014059e-02 1.128841e-02 1.146931e-02 4.241877e-02 3.468248e-02 2.773414e-02 
    17.5                9.769683e-03 1.350369e-03 1.102721e-02 1.114206e-02 1.522748e-02 1.509132e-02 9.930831e-03 1.101690e-02 1.115199e-02 4.125647e-02 3.347514e-02 2.676801e-02 
    18.5                1.017669e-02 1.035566e-03 1.099104e-02 1.114030e-02 1.554184e-02 1.538793e-02 9.822268e-03 1.098038e-02 1.115162e-02 4.172565e-02 3.409440e-02 2.683762e-02 
    19.5                1.174798e-02 7.471376e-04 1.114118e-02 1.133121e-02 1.631994e-02 1.608248e-02 9.732843e-03 1.112800e-02 1.134447e-02 4.312097e-02 3.602366e-02 2.803017e-02 
    20.5                1.175746e-02 5.481997e-04 1.064992e-02 1.084457e-02 1.606774e-02 1.570747e-02 9.217457e-03 1.063657e-02 1.085817e-02 4.187580e-02 3.525579e-02 2.698161e-02 
    21.5                1.171072e-02 4.277633e-04 1.067726e-02 1.065975e-02 1.576072e-02 1.589452e-02 9.163903e-03 1.066372e-02 1.067334e-02 4.164233e-02 3.505123e-02 2.674337e-02 
    22.5                1.310668e-02 2.361809e-04 1.044531e-02 1.075130e-02 1.647158e-02 1.591568e-02 8.844494e-03 1.043000e-02 1.076694e-02 4.209600e-02 3.618272e-02 2.734083e-02 
    23.5                1.270853e-02 1.379301e-04 9.808698e-03 9.925988e-03 1.523566e-02 1.516979e-02 8.187572e-03 9.793654e-03 9.941162e-03 3.939648e-02 3.407705e-02 2.573040e-02 
    24.5                1.297802e-02 9.393289e-05 9.428755e-03 9.516463e-03 1.479073e-02 1.471552e-02 7.801683e-03 9.413243e-03 9.531922e-03 3.804953e-02 3.326381e-02 2.507715e-02 
    25.5                1.322457e-02 5.969699e-05 8.980004e-03 9.427857e-03 1.514594e-02 1.420024e-02 7.329414e-03 8.964669e-03 9.444167e-03 3.747450e-02 3.310044e-02 2.460778e-02 
    26.5                1.396755e-02 3.421262e-05 8.878153e-03 8.773113e-03 1.393619e-02 1.433204e-02 7.073537e-03 8.861259e-03 8.789713e-03 3.602609e-02 3.248205e-02 2.445145e-02 
    27.5                1.306284e-02 1.828045e-05 7.989049e-03 8.170127e-03 1.315212e-02 1.278249e-02 6.468957e-03 7.973619e-03 8.186054e-03 3.307270e-02 2.984205e-02 2.247853e-02 
    28.5                1.328028e-02 5.138369e-06 7.490648e-03 7.631718e-03 1.242014e-02 1.221012e-02 5.972304e-03 7.474583e-03 7.647563e-03 3.125034e-02 2.875237e-02 2.176642e-02 
    29.5                1.452604e-02 3.536616e-07 7.251299e-03 7.279967e-03 1.245448e-02 1.236750e-02 5.473082e-03 7.234006e-03 7.297592e-03 3.086164e-02 2.953402e-02 2.219762e-02 
    30.5                1.286812e-02 0.000000e+00 6.425470e-03 6.635970e-03 1.126924e-02 1.094537e-02 4.995104e-03 6.410283e-03 6.651716e-03 2.772436e-02 2.635766e-02 1.973458e-02 
    31.5                1.326285e-02 0.000000e+00 6.270947e-03 6.239959e-03 1.078843e-02 1.088216e-02 4.730496e-03 6.254951e-03 6.255844e-03 2.685497e-02 2.599101e-02 1.956741e-02 
    32.5                1.338979e-02 0.000000e+00 5.673314e-03 5.849730e-03 1.035776e-02 1.008204e-02 4.205699e-03 5.657442e-03 5.866045e-03 2.511821e-02 2.511475e-02 1.898434e-02 
    33.5                1.406929e-02 0.000000e+00 5.571822e-03 5.498691e-03 1.001835e-02 1.018805e-02 3.947859e-03 5.554568e-03 5.515257e-03 2.455325e-02 2.513965e-02 1.910384e-02 
    34.5                1.385438e-02 0.000000e+00 5.165980e-03 5.408883e-03 1.006228e-02 9.517087e-03 3.701407e-03 5.149808e-03 5.426013e-03 2.369855e-02 2.448209e-02 1.855830e-02 
    35.5                1.357466e-02 0.000000e+00 4.978456e-03 5.100368e-03 9.285768e-03 9.042629e-03 3.564771e-03 4.962356e-03 5.116899e-03 2.231414e-02 2.330644e-02 1.794894e-02 
    36.5                1.477835e-02 0.000000e+00 4.922940e-03 4.721954e-03 8.970471e-03 9.466483e-03 3.260916e-03 4.904800e-03 4.739339e-03 2.201948e-02 2.411710e-02 1.865533e-02 
    37.5                1.446228e-02 0.000000e+00 4.626875e-03 4.824110e-03 9.209061e-03 8.789559e-03 3.116349e-03 4.609844e-03 4.841844e-03 2.153213e-02 2.357034e-02 1.820100e-02 
    38.5                1.858307e-02 0.000000e+00 4.924505e-03 4.896053e-03 9.598199e-03 9.686660e-03 3.071095e-03 4.902134e-03 4.918353e-03 2.280990e-02 2.751523e-02 2.210502e-02 
    39.5                1.548463e-02 0.000000e+00 4.455842e-03 4.434443e-03 8.671541e-03 8.683658e-03 2.875472e-03 4.437154e-03 4.452978e-03 2.058532e-02 2.371383e-02 1.871275e-02 
    40.5                1.567584e-02 0.000000e+00 4.210863e-03 4.277503e-03 8.318928e-03 8.198519e-03 2.681669e-03 4.192115e-03 4.296437e-03 1.960555e-02 2.323438e-02 1.863195e-02 
    41.5                1.748916e-02 0.000000e+00 4.278520e-03 4.426678e-03 8.899627e-03 8.561718e-03 2.569102e-03 4.257891e-03 4.448090e-03 2.049453e-02 2.521802e-02 2.033475e-02 
    42.5                1.960168e-02 0.000000e+00 4.604627e-03 4.462379e-03 8.781072e-03 9.089884e-03 2.837038e-03 4.580770e-03 4.485642e-03 2.116323e-02 2.712826e-02 2.244478e-02 
    43.5                1.663189e-02 0.000000e+00 3.641829e-03 3.814730e-03 7.469204e-03 7.145484e-03 2.235887e-03 3.622192e-03 3.835073e-03 1.732841e-02 2.267009e-02 1.894030e-02 
    44.5                2.163346e-02 0.000000e+00 4.399383e-03 4.392160e-03 8.781177e-03 8.781265e-03 2.585244e-03 4.373568e-03 4.418348e-03 2.067486e-02 2.837503e-02 2.410524e-02 
    45.5                2.034766e-02 0.000000e+00 4.167311e-03 4.133676e-03 8.158141e-03 8.200078e-03 2.525858e-03 4.142707e-03 4.157985e-03 1.939371e-02 2.659986e-02 2.269116e-02 
    46.5                2.103996e-02 0.000000e+00 4.266431e-03 4.062428e-03 8.126205e-03 8.617450e-03 2.375148e-03 4.240624e-03 4.087199e-03 1.963641e-02 2.730424e-02 2.327049e-02 
    47.5                2.385418e-02 0.000000e+00 4.182965e-03 4.449551e-03 8.879632e-03 8.235341e-03 2.409178e-03 4.154946e-03 4.478873e-03 2.021650e-02 2.992660e-02 2.606656e-02 
    48.5                2.374251e-02 0.000000e+00 4.023560e-03 4.033802e-03 7.796086e-03 7.771248e-03 2.350535e-03 3.995189e-03 4.062504e-03 1.859048e-02 2.903122e-02 2.576393e-02 
    49.5                2.604206e-02 0.000000e+00 4.282492e-03 4.130497e-03 8.036245e-03 8.364132e-03 2.454500e-03 4.250537e-03 4.161144e-03 1.954598e-02 3.136640e-02 2.804411e-02 
    50.5                3.052113e-02 0.000000e+00 4.435686e-03 4.571751e-03 8.885802e-03 8.585884e-03 2.442045e-03 4.399601e-03 4.609033e-03 2.079833e-02 3.584702e-02 3.252334e-02 
    51.5                3.258129e-02 0.000000e+00 4.763132e-03 4.428764e-03 8.427074e-03 9.164574e-03 2.571222e-03 4.722205e-03 4.466157e-03 2.107311e-02 3.768120e-02 3.453990e-02 
    52.5                3.727195e-02 0.000000e+00 4.630713e-03 4.885349e-03 9.159258e-03 8.569714e-03 2.505058e-03 4.587778e-03 4.932008e-03 2.139365e-02 4.202818e-02 3.916492e-02 
    53.5                3.733321e-02 0.000000e+00 4.633363e-03 4.576255e-03 8.419728e-03 8.522791e-03 2.515072e-03 4.587766e-03 4.620401e-03 2.061769e-02 4.171619e-02 3.914186e-02 
    54.5                3.788857e-02 0.000000e+00 4.555806e-03 4.629170e-03 8.448796e-03 8.190472e-03 2.490540e-03 4.511283e-03 4.675725e-03 2.030520e-02 4.206174e-02 3.964179e-02 
    55.5                3.419004e-02 0.000000e+00 4.082826e-03 4.063872e-03 7.223196e-03 7.257078e-03 2.287789e-03 4.041680e-03 4.104913e-03 1.787486e-02 3.769277e-02 3.572828e-02 
    56.5                3.376598e-02 0.000000e+00 4.077606e-03 4.025214e-03 6.948069e-03 7.063309e-03 2.320863e-03 4.037311e-03 4.066087e-03 1.748101e-02 3.709085e-02 3.526556e-02 
    57.5                3.415892e-02 0.000000e+00 3.976616e-03 4.058417e-03 6.919003e-03 6.734080e-03 2.197194e-03 3.936122e-03 4.100035e-03 1.707935e-02 3.730722e-02 3.558599e-02 
    58.5                2.883007e-02 0.000000e+00 3.452424e-03 3.404476e-03 5.508570e-03 5.577474e-03 2.014064e-03 3.417389e-03 3.438743e-03 1.414881e-02 3.129455e-02 3.004938e-02 
    59.5                3.148997e-02 0.000000e+00 3.429436e-03 3.526477e-03 5.955846e-03 5.717036e-03 1.841883e-03 3.392475e-03 3.565213e-03 1.464149e-02 3.395407e-02 3.264559e-02 
    60.5                2.492067e-02 0.000000e+00 2.817016e-03 2.770439e-03 4.549256e-03 4.639807e-03 1.543231e-03 2.786758e-03 2.800086e-03 1.164479e-02 2.685785e-02 2.586040e-02 
    61.5                2.668238e-02 0.000000e+00 2.793024e-03 2.836670e-03 4.662700e-03 4.557096e-03 1.457931e-03 2.761353e-03 2.869139e-03 1.165213e-02 2.847893e-02 2.756253e-02 
    62.5                2.185782e-02 0.000000e+00 2.221757e-03 2.207122e-03 3.467680e-03 3.497634e-03 1.184514e-03 2.195434e-03 2.233341e-03 8.956568e-03 2.314382e-02 2.253657e-02 
    63.5                1.963218e-02 0.000000e+00 1.927756e-03 1.949397e-03 3.074129e-03 2.994773e-03 1.001280e-03 1.904458e-03 1.973291e-03 7.804226e-03 2.070511e-02 2.019810e-02 
    64.5                1.369183e-02 0.000000e+00 1.409852e-03 1.400193e-03 2.164398e-03 2.189922e-03 7.477403e-04 1.393414e-03 1.416669e-03 5.626544e-03 1.446987e-02 1.410333e-02 
    65.5                1.190765e-02 0.000000e+00 1.105084e-03 1.132991e-03 1.779867e-03 1.718127e-03 5.516058e-04 1.090878e-03 1.147409e-03 4.499059e-03 1.248526e-02 1.220952e-02 
    66.5                8.618041e-03 0.000000e+00 7.666747e-04 7.699162e-04 1.185158e-03 1.178110e-03 3.852385e-04 7.563639e-04 7.803218e-04 3.067260e-03 8.987354e-03 8.817239e-03 
    67.5                6.558597e-03 0.000000e+00 5.449682e-04 5.456149e-04 8.883357e-04 8.797760e-04 2.318159e-04 5.370871e-04 5.534996e-04 2.236908e-03 6.818745e-03 6.683559e-03 
    68.5                4.231157e-03 0.000000e+00 3.026346e-04 3.112214e-04 5.191478e-04 4.953982e-04 1.191961e-04 2.976633e-04 3.164211e-04 1.276806e-03 4.364651e-03 4.294877e-03 
    69.5                2.135690e-03 0.000000e+00 1.352180e-04 1.406861e-04 2.331036e-04 2.230369e-04 4.726116e-05 1.326961e-04 1.432980e-04 5.752552e-04 2.188861e-03 2.161110e-03 
    70.5                9.258932e-04 0.000000e+00 4.348181e-05 4.505661e-05 7.780356e-05 7.415069e-05 1.042268e-05 4.239260e-05 4.619308e-05 1.885026e-04 9.398583e-04 9.321344e-04 
    71.5                1.346655e-04 0.000000e+00 5.197585e-06 5.469657e-06 7.647445e-06 6.997059e-06 8.647094e-07 5.039496e-06 5.635281e-06 1.985929e-05 1.356291e-04 1.352542e-04 
    72.5                1.004783e-06 0.000000e+00 9.915176e-09 1.539330e-08 2.093281e-08 6.791498e-09 0.000000e+00 9.240916e-09 1.713435e-08 4.240730e-08 1.005247e-06 1.005235e-06 
    73.5                0.000000e+00 0.000000e+00 0.000000e+00 0.000000e+00 0.000000e+00 0.000000e+00 0.000000e+00 0.000000e+00 0.000000e+00 0.000000e+00 0.000000e+00 0.000000e+00 
    74.5                0.000000e+00 0.000000e+00 0.000000e+00 0.000000e+00 0.000000e+00 0.000000e+00 0.000000e+00 0.000000e+00 0.000000e+00 0.000000e+00 0.000000e+00 0.000000e+00 
    75.5                0.000000e+00 0.000000e+00 0.000000e+00 0.000000e+00 0.000000e+00 0.000000e+00 0.000000e+00 0.000000e+00 0.000000e+00 0.000000e+00 0.000000e+00 0.000000e+00 
    76.5                0.000000e+00 0.000000e+00 0.000000e+00 0.000000e+00 0.000000e+00 0.000000e+00 0.000000e+00 0.000000e+00 0.000000e+00 0.000000e+00 0.000000e+00 0.000000e+00 
    77.5                0.000000e+00 0.000000e+00 0.000000e+00 0.000000e+00 0.000000e+00 0.000000e+00 0.000000e+00 0.000000e+00 0.000000e+00 0.000000e+00 0.000000e+00 0.000000e+00 
    78.5                0.000000e+00 0.000000e+00 0.000000e+00 0.000000e+00 0.000000e+00 0.000000e+00 0.000000e+00 0.000000e+00 0.000000e+00 0.000000e+00 0.000000e+00 0.000000e+00 
    79.5                0.000000e+00 0.000000e+00 0.000000e+00 0.000000e+00 0.000000e+00 0.000000e+00 0.000000e+00 0.000000e+00 0.000000e+00 0.000000e+00 0.000000e+00 0.000000e+00 


