# 80 rows of flux data
# 12 columns of flux data
# 
# total cross-sectional flux  2.141328e+00 /m^2/yr
#
#                             +x ram      -x wake      +y port -y starboard    +z zenith     -z nadir        Earth          Sun     anti-Sun      rot (x)      rot (y)      rot (z) 
# average speed (km/s)         43.63        11.55        29.55        29.33        33.93        31.41        41.72        29.44        29.44        31.37        37.06        38.66 
# total flux (#/m2/yr)  1.160600e+00 3.590747e-02 3.185411e-01 3.240082e-01 3.892464e-01 9.477903e-01 6.834742e-01 3.162056e-01 3.263515e-01 1.586895e+00 1.942761e+00 1.505030e+00 
# velocity (km/s)
     0.5                0.000000e+00 0.000000e+00 0.000000e+00 0.000000e+00 0.000000e+00 0.000000e+00 0.000000e+00 0.000000e+00 0.000000e+00 0.000000e+00 0.000000e+00 0.000000e+00 
     1.5                4.567474e-05 3.737234e-05 3.897635e-05 3.729443e-05 3.102866e-05 2.245392e-05 3.931714e-05 3.896316e-05 3.731580e-05 1.001051e-04 1.051523e-04 1.220613e-04 
     2.5                3.176690e-04 1.981932e-04 2.410043e-04 2.203727e-04 1.684777e-04 1.844747e-04 2.751350e-04 2.406854e-04 2.205510e-04 6.366838e-04 6.803194e-04 7.605084e-04 
     3.5                8.395499e-04 5.251117e-04 7.670667e-04 7.527335e-04 5.719255e-04 7.021085e-04 7.872190e-04 7.664671e-04 7.534422e-04 2.160847e-03 2.048996e-03 2.237370e-03 
     4.5                1.293724e-03 1.041816e-03 1.433433e-03 1.442823e-03 1.038239e-03 1.493400e-03 1.325001e-03 1.432980e-03 1.443418e-03 4.220672e-03 3.781273e-03 4.059997e-03 
     5.5                1.899750e-03 1.524071e-03 2.412974e-03 2.368364e-03 1.848271e-03 2.401300e-03 2.162323e-03 2.412284e-03 2.369237e-03 7.014917e-03 5.968404e-03 6.429173e-03 
     6.5                2.624580e-03 2.136542e-03 3.269283e-03 3.390603e-03 2.517507e-03 3.768871e-03 2.906164e-03 3.268215e-03 3.391564e-03 1.005385e-02 8.667639e-03 8.988560e-03 
     7.5                3.091575e-03 2.641196e-03 4.180030e-03 4.341977e-03 3.532677e-03 5.449609e-03 3.570204e-03 4.179249e-03 4.343068e-03 1.360388e-02 1.151901e-02 1.125031e-02 
     8.5                3.732889e-03 2.958356e-03 5.094225e-03 5.108662e-03 4.217567e-03 6.696357e-03 4.442288e-03 5.092444e-03 5.110103e-03 1.641091e-02 1.393424e-02 1.333342e-02 
     9.5                4.328006e-03 3.202517e-03 5.961313e-03 6.207643e-03 5.105093e-03 8.926393e-03 5.007002e-03 5.959086e-03 6.210096e-03 2.043306e-02 1.712077e-02 1.554168e-02 
    10.5                4.901819e-03 3.251637e-03 6.674682e-03 6.845263e-03 5.574734e-03 1.101296e-02 5.639375e-03 6.671185e-03 6.848629e-03 2.352549e-02 1.968499e-02 1.711583e-02 
    11.5                5.767795e-03 3.042329e-03 7.309454e-03 7.512629e-03 6.831105e-03 1.283715e-02 6.445341e-03 7.303799e-03 7.518310e-03 2.704030e-02 2.276728e-02 1.872314e-02 
    12.5                6.128662e-03 2.791946e-03 7.912549e-03 8.169310e-03 6.744286e-03 1.460073e-02 6.755855e-03 7.905687e-03 8.176327e-03 2.927597e-02 2.433701e-02 1.981029e-02 
    13.5                6.662594e-03 2.576378e-03 8.321813e-03 8.550118e-03 7.110806e-03 1.686728e-02 7.134983e-03 8.313270e-03 8.558572e-03 3.208772e-02 2.681832e-02 2.076462e-02 
    14.5                7.345364e-03 2.189911e-03 8.656745e-03 8.906790e-03 7.526850e-03 1.769312e-02 7.671530e-03 8.646032e-03 8.917522e-03 3.357323e-02 2.803260e-02 2.159096e-02 
    15.5                7.890882e-03 1.891862e-03 8.756755e-03 8.989032e-03 7.504447e-03 1.952625e-02 7.806751e-03 8.744343e-03 9.001575e-03 3.533858e-02 2.980571e-02 2.203924e-02 
    16.5                8.683734e-03 1.571855e-03 9.054798e-03 9.326908e-03 7.725851e-03 2.101272e-02 8.242779e-03 9.039910e-03 9.341604e-03 3.719461e-02 3.159528e-02 2.291710e-02 
    17.5                9.445668e-03 1.255666e-03 9.009528e-03 9.356506e-03 7.776534e-03 2.242482e-02 8.365264e-03 8.992623e-03 9.373669e-03 3.845030e-02 3.310786e-02 2.329092e-02 
    18.5                9.872739e-03 1.010038e-03 9.074685e-03 9.301642e-03 7.973115e-03 2.335988e-02 8.484137e-03 9.056308e-03 9.320134e-03 3.942765e-02 3.412252e-02 2.337036e-02 
    19.5                1.063332e-02 7.467159e-04 8.866573e-03 9.193211e-03 7.659559e-03 2.454283e-02 8.478789e-03 8.846314e-03 9.214079e-03 4.000285e-02 3.513767e-02 2.358803e-02 
    20.5                1.138551e-02 5.142987e-04 8.853325e-03 9.040123e-03 7.402673e-03 2.571086e-02 8.510472e-03 8.830604e-03 9.062626e-03 4.058769e-02 3.612433e-02 2.376331e-02 
    21.5                1.247817e-02 3.217090e-04 8.687646e-03 9.011065e-03 7.078932e-03 2.648686e-02 8.634738e-03 8.662416e-03 9.036405e-03 4.092445e-02 3.690422e-02 2.426170e-02 
    22.5                1.350029e-02 2.088818e-04 8.729999e-03 8.955894e-03 7.458096e-03 2.823494e-02 8.854796e-03 8.702458e-03 8.983646e-03 4.278681e-02 3.916735e-02 2.486321e-02 
    23.5                1.412448e-02 1.126793e-04 8.236290e-03 8.474578e-03 7.524831e-03 2.754546e-02 8.892361e-03 8.207275e-03 8.503853e-03 4.157346e-02 3.878185e-02 2.445989e-02 
    24.5                1.432718e-02 6.820604e-05 8.060323e-03 8.235559e-03 6.877767e-03 2.741805e-02 8.661401e-03 8.030598e-03 8.265152e-03 4.058868e-02 3.804637e-02 2.405053e-02 
    25.5                1.556166e-02 4.455557e-05 7.758656e-03 8.011316e-03 6.825367e-03 2.843230e-02 8.757608e-03 7.726665e-03 8.043876e-03 4.116137e-02 3.939327e-02 2.450834e-02 
    26.5                1.690871e-02 2.643098e-05 7.610416e-03 7.813297e-03 7.739217e-03 2.825510e-02 9.460149e-03 7.575421e-03 7.848533e-03 4.156421e-02 4.062330e-02 2.531124e-02 
    27.5                1.698941e-02 1.244578e-05 7.226042e-03 7.452361e-03 7.168135e-03 2.765652e-02 9.104554e-03 7.190901e-03 7.487844e-03 3.995985e-02 3.948195e-02 2.464122e-02 
    28.5                1.720022e-02 4.446271e-06 7.022147e-03 7.156656e-03 6.844510e-03 2.738327e-02 8.970585e-03 6.986275e-03 7.192320e-03 3.911030e-02 3.902065e-02 2.432531e-02 
    29.5                1.794914e-02 3.045626e-07 6.616504e-03 6.832773e-03 6.571598e-03 2.722942e-02 8.891319e-03 6.579455e-03 6.870392e-03 3.824122e-02 3.893503e-02 2.436395e-02 
    30.5                1.967164e-02 0.000000e+00 6.397254e-03 6.449865e-03 6.950032e-03 2.768281e-02 9.629890e-03 6.356124e-03 6.490572e-03 3.870999e-02 4.062364e-02 2.548793e-02 
    31.5                1.953225e-02 0.000000e+00 6.120686e-03 6.269639e-03 6.995599e-03 2.590797e-02 9.604429e-03 6.080173e-03 6.310381e-03 3.678518e-02 3.890063e-02 2.492496e-02 
    32.5                2.097672e-02 0.000000e+00 5.844885e-03 6.029726e-03 8.776788e-03 2.431402e-02 1.090659e-02 5.801592e-03 6.073699e-03 3.673075e-02 3.987780e-02 2.588093e-02 
    33.5                1.865036e-02 0.000000e+00 5.435844e-03 5.525002e-03 6.522248e-03 2.262295e-02 9.153027e-03 5.396955e-03 5.563700e-03 3.243921e-02 3.524606e-02 2.307296e-02 
    34.5                1.974091e-02 0.000000e+00 5.063981e-03 5.191697e-03 7.415641e-03 2.219951e-02 9.785863e-03 5.023181e-03 5.233021e-03 3.260055e-02 3.612126e-02 2.366190e-02 
    35.5                1.890495e-02 0.000000e+00 4.835707e-03 4.895249e-03 6.424342e-03 2.100111e-02 9.136272e-03 4.796203e-03 4.934392e-03 3.023616e-02 3.375804e-02 2.249538e-02 
    36.5                1.959757e-02 0.000000e+00 4.602168e-03 4.733026e-03 7.235670e-03 2.005458e-02 9.648829e-03 4.561715e-03 4.774101e-03 2.983253e-02 3.405312e-02 2.279439e-02 
    37.5                1.978506e-02 0.000000e+00 4.450232e-03 4.455866e-03 7.622506e-03 1.875278e-02 1.006121e-02 4.408921e-03 4.496865e-03 2.879076e-02 3.337352e-02 2.274245e-02 
    38.5                1.962096e-02 0.000000e+00 4.131563e-03 4.202363e-03 7.698000e-03 1.676943e-02 1.022091e-02 4.090957e-03 4.243382e-03 2.670997e-02 3.185475e-02 2.227192e-02 
    39.5                2.020663e-02 0.000000e+00 4.063225e-03 4.068781e-03 8.621287e-03 1.571051e-02 1.093377e-02 4.021027e-03 4.110645e-03 2.650952e-02 3.209381e-02 2.266155e-02 
    40.5                1.930420e-02 0.000000e+00 3.746876e-03 3.803748e-03 7.931123e-03 1.474735e-02 1.028427e-02 3.706929e-03 3.844108e-03 2.465074e-02 3.017640e-02 2.150651e-02 
    41.5                1.901735e-02 0.000000e+00 3.559834e-03 3.636705e-03 6.003993e-03 1.541468e-02 9.342259e-03 3.520379e-03 3.676365e-03 2.324372e-02 2.901072e-02 2.099697e-02 
    42.5                2.022748e-02 0.000000e+00 3.435098e-03 3.469070e-03 7.816440e-03 1.332493e-02 1.090852e-02 3.393180e-03 3.511301e-03 2.288114e-02 2.965309e-02 2.201769e-02 
    43.5                2.193925e-02 0.000000e+00 3.462011e-03 3.401878e-03 8.230376e-03 1.259628e-02 1.220426e-02 3.416168e-03 3.447306e-03 2.254513e-02 3.085328e-02 2.363251e-02 
    44.5                2.446537e-02 0.000000e+00 3.476297e-03 3.504411e-03 8.441410e-03 1.411739e-02 1.319608e-02 3.425541e-03 3.555435e-03 2.433372e-02 3.375904e-02 2.610726e-02 
    45.5                2.410665e-02 0.000000e+00 3.530479e-03 3.509217e-03 8.033330e-03 1.233690e-02 1.331885e-02 3.480257e-03 3.559284e-03 2.216241e-02 3.203888e-02 2.568622e-02 
    46.5                2.322288e-02 0.000000e+00 3.173222e-03 3.222523e-03 7.927941e-03 1.130004e-02 1.292978e-02 3.125052e-03 3.270964e-03 2.088377e-02 3.057759e-02 2.465863e-02 
    47.5                2.767975e-02 0.000000e+00 3.418585e-03 3.376432e-03 1.048510e-02 1.045264e-02 1.638233e-02 3.360651e-03 3.433651e-03 2.264866e-02 3.526174e-02 2.907009e-02 
    48.5                2.867777e-02 0.000000e+00 3.521180e-03 3.456489e-03 8.271276e-03 1.223302e-02 1.595378e-02 3.461569e-03 3.516182e-03 2.236283e-02 3.582599e-02 3.006075e-02 
    49.5                3.013922e-02 0.000000e+00 3.615020e-03 3.626516e-03 9.163447e-03 1.143100e-02 1.714295e-02 3.552488e-03 3.689368e-03 2.253356e-02 3.707233e-02 3.149328e-02 
    50.5                2.949092e-02 0.000000e+00 3.425885e-03 3.391448e-03 9.066311e-03 1.006981e-02 1.707428e-02 3.364525e-03 3.452776e-03 2.098389e-02 3.574890e-02 3.071828e-02 
    51.5                2.864005e-02 0.000000e+00 3.397420e-03 3.373786e-03 7.614843e-03 9.408255e-03 1.635851e-02 3.337712e-03 3.433225e-03 1.895743e-02 3.386000e-02 2.986637e-02 
    52.5                2.877166e-02 0.000000e+00 3.377410e-03 3.298179e-03 6.981543e-03 9.225414e-03 1.634598e-02 3.317607e-03 3.358072e-03 1.818864e-02 3.363147e-02 2.994607e-02 
    53.5                3.302493e-02 0.000000e+00 3.515364e-03 3.482256e-03 7.336771e-03 9.289815e-03 1.884512e-02 3.446629e-03 3.550910e-03 1.878344e-02 3.778787e-02 3.418403e-02 
    54.5                3.795747e-02 0.000000e+00 3.822247e-03 3.759916e-03 6.730976e-03 1.005587e-02 2.138589e-02 3.743457e-03 3.839036e-03 1.933985e-02 4.247553e-02 3.916429e-02 
    55.5                3.634881e-02 0.000000e+00 3.524724e-03 3.460535e-03 5.936174e-03 9.504130e-03 2.037665e-02 3.448822e-03 3.535851e-03 1.784385e-02 4.030986e-02 3.742449e-02 
    56.5                3.432908e-02 0.000000e+00 3.355770e-03 3.313275e-03 5.626313e-03 8.288972e-03 1.939782e-02 3.284439e-03 3.384759e-03 1.630103e-02 3.781637e-02 3.534967e-02 
    57.5                3.498482e-02 0.000000e+00 3.322711e-03 3.265349e-03 4.690990e-03 8.577185e-03 1.947843e-02 3.250216e-03 3.338397e-03 1.583735e-02 3.824780e-02 3.594801e-02 
    58.5                3.039966e-02 0.000000e+00 3.109887e-03 3.078151e-03 4.124299e-03 6.920435e-03 1.705074e-02 3.046954e-03 3.141686e-03 1.358307e-02 3.298183e-02 3.129957e-02 
    59.5                2.881299e-02 0.000000e+00 2.787468e-03 2.758168e-03 3.512555e-03 6.645368e-03 1.603647e-02 2.727517e-03 2.818084e-03 1.247746e-02 3.108617e-02 2.960375e-02 
    60.5                2.649964e-02 0.000000e+00 2.577924e-03 2.510441e-03 2.682617e-03 5.896606e-03 1.469396e-02 2.522795e-03 2.565556e-03 1.077308e-02 2.831760e-02 2.721103e-02 
    61.5                2.433986e-02 0.000000e+00 2.204477e-03 2.188860e-03 1.729827e-03 5.100109e-03 1.335436e-02 2.154225e-03 2.239867e-03 8.844354e-03 2.565854e-02 2.494496e-02 
    62.5                2.489636e-02 0.000000e+00 1.991256e-03 1.949343e-03 1.571600e-03 4.602387e-03 1.378293e-02 1.939514e-03 2.001174e-03 8.037802e-03 2.601690e-02 2.542341e-02 
    63.5                1.791499e-02 0.000000e+00 1.651119e-03 1.650577e-03 8.846283e-04 3.416982e-03 9.807522e-03 1.614024e-03 1.688011e-03 5.958230e-03 1.867583e-02 1.835324e-02 
    64.5                1.681968e-02 0.000000e+00 1.434988e-03 1.414741e-03 5.849870e-04 3.082780e-03 9.193216e-03 1.400205e-03 1.449931e-03 5.136245e-03 1.739921e-02 1.718130e-02 
    65.5                1.400600e-02 0.000000e+00 1.074434e-03 1.058416e-03 3.236366e-04 2.443511e-03 7.644739e-03 1.045471e-03 1.087721e-03 3.904822e-03 1.440104e-02 1.426847e-02 
    66.5                1.089812e-02 0.000000e+00 8.536556e-04 8.397129e-04 1.573966e-04 1.744041e-03 5.965193e-03 8.309690e-04 8.623644e-04 2.852593e-03 1.114461e-02 1.109696e-02 
    67.5                8.111131e-03 0.000000e+00 6.017947e-04 5.947398e-04 8.160166e-05 1.178527e-03 4.458043e-03 5.851326e-04 6.118215e-04 1.942885e-03 8.256482e-03 8.242770e-03 
    68.5                5.808002e-03 0.000000e+00 4.134142e-04 4.118896e-04 3.893710e-05 8.161035e-04 3.191532e-03 4.013945e-04 4.240322e-04 1.328911e-03 5.895875e-03 5.890832e-03 
    69.5                4.378073e-03 0.000000e+00 2.547650e-04 2.517071e-04 2.695269e-05 4.827333e-04 2.439638e-03 2.456718e-04 2.608274e-04 8.076432e-04 4.420311e-03 4.420340e-03 
    70.5                2.279888e-03 0.000000e+00 1.081193e-04 1.081432e-04 2.036849e-05 1.772019e-04 1.289244e-03 1.034422e-04 1.129509e-04 3.290287e-04 2.292593e-03 2.294289e-03 
    71.5                4.899231e-04 0.000000e+00 1.486673e-05 1.483346e-05 7.347084e-06 1.867349e-05 2.826460e-04 1.387487e-05 1.587976e-05 4.377659e-05 4.909403e-04 4.911486e-04 
    72.5                0.000000e+00 0.000000e+00 0.000000e+00 0.000000e+00 0.000000e+00 0.000000e+00 0.000000e+00 0.000000e+00 0.000000e+00 0.000000e+00 0.000000e+00 0.000000e+00 
    73.5                0.000000e+00 0.000000e+00 0.000000e+00 0.000000e+00 0.000000e+00 0.000000e+00 0.000000e+00 0.000000e+00 0.000000e+00 0.000000e+00 0.000000e+00 0.000000e+00 
    74.5                0.000000e+00 0.000000e+00 0.000000e+00 0.000000e+00 0.000000e+00 0.000000e+00 0.000000e+00 0.000000e+00 0.000000e+00 0.000000e+00 0.000000e+00 0.000000e+00 
    75.5                0.000000e+00 0.000000e+00 0.000000e+00 0.000000e+00 0.000000e+00 0.000000e+00 0.000000e+00 0.000000e+00 0.000000e+00 0.000000e+00 0.000000e+00 0.000000e+00 
    76.5                0.000000e+00 0.000000e+00 0.000000e+00 0.000000e+00 0.000000e+00 0.000000e+00 0.000000e+00 0.000000e+00 0.000000e+00 0.000000e+00 0.000000e+00 0.000000e+00 
    77.5                0.000000e+00 0.000000e+00 0.000000e+00 0.000000e+00 0.000000e+00 0.000000e+00 0.000000e+00 0.000000e+00 0.000000e+00 0.000000e+00 0.000000e+00 0.000000e+00 
    78.5                0.000000e+00 0.000000e+00 0.000000e+00 0.000000e+00 0.000000e+00 0.000000e+00 0.000000e+00 0.000000e+00 0.000000e+00 0.000000e+00 0.000000e+00 0.000000e+00 
    79.5                0.000000e+00 0.000000e+00 0.000000e+00 0.000000e+00 0.000000e+00 0.000000e+00 0.000000e+00 0.000000e+00 0.000000e+00 0.000000e+00 0.000000e+00 0.000000e+00 


