# 80 rows of flux data
# 12 columns of flux data
# 
# total cross-sectional flux  2.151206e+00 /m^2/yr
#
#                             +x ram      -x wake      +y port -y starboard    +z zenith     -z nadir        Earth          Sun     anti-Sun      rot (x)      rot (y)      rot (z) 
# average speed (km/s)         43.63        11.56        29.51        29.57        34.02        31.45        41.66        29.62        29.46        31.43        37.11        38.73 
# total flux (#/m2/yr)  1.168391e+00 3.552688e-02 3.239904e-01 3.185573e-01 3.830898e-01 9.604828e-01 6.836704e-01 3.263517e-01 3.162057e-01 1.592876e+00 1.953549e+00 1.511144e+00 
# velocity (km/s)
     0.5                0.000000e+00 0.000000e+00 0.000000e+00 0.000000e+00 0.000000e+00 0.000000e+00 0.000000e+00 0.000000e+00 0.000000e+00 0.000000e+00 0.000000e+00 0.000000e+00 
     1.5                4.228739e-05 4.840284e-05 3.906230e-05 3.810135e-05 2.358341e-05 2.986074e-05 3.564782e-05 3.905280e-05 3.811730e-05 1.025517e-04 1.123081e-04 1.295448e-04 
     2.5                3.324749e-04 1.804380e-04 2.259509e-04 2.374145e-04 1.735149e-04 1.877125e-04 2.670700e-04 2.262570e-04 2.370880e-04 6.432667e-04 6.855759e-04 7.598186e-04 
     3.5                8.200496e-04 5.040927e-04 7.259351e-04 7.290646e-04 5.130237e-04 6.893903e-04 7.449155e-04 7.265684e-04 7.283835e-04 2.071014e-03 1.955136e-03 2.157546e-03 
     4.5                1.250564e-03 1.035526e-03 1.435763e-03 1.427430e-03 1.045195e-03 1.418749e-03 1.320710e-03 1.436229e-03 1.427002e-03 4.136067e-03 3.707723e-03 4.011384e-03 
     5.5                1.829638e-03 1.486703e-03 2.320269e-03 2.325176e-03 1.677594e-03 2.401378e-03 2.054341e-03 2.320893e-03 2.324374e-03 6.788961e-03 5.753099e-03 6.232993e-03 
     6.5                2.649466e-03 2.134765e-03 3.322122e-03 3.283897e-03 2.646604e-03 3.739043e-03 2.984895e-03 3.323167e-03 3.282801e-03 1.009205e-02 8.746151e-03 8.980240e-03 
     7.5                2.995073e-03 2.626423e-03 4.285811e-03 4.232720e-03 3.386197e-03 5.448426e-03 3.612800e-03 4.286582e-03 4.231958e-03 1.345414e-02 1.133837e-02 1.112735e-02 
     8.5                3.733615e-03 2.907730e-03 5.023182e-03 4.973737e-03 4.093973e-03 6.772518e-03 4.374614e-03 5.024883e-03 4.972003e-03 1.624066e-02 1.384115e-02 1.314253e-02 
     9.5                4.369049e-03 3.146711e-03 6.009676e-03 5.926694e-03 5.077744e-03 8.680396e-03 5.165286e-03 6.012196e-03 5.924129e-03 2.005665e-02 1.686041e-02 1.536269e-02 
    10.5                4.671529e-03 3.199091e-03 6.721773e-03 6.667254e-03 5.477860e-03 1.085309e-02 5.537161e-03 6.724757e-03 6.664112e-03 2.320062e-02 1.930265e-02 1.677855e-02 
    11.5                5.758328e-03 3.039216e-03 7.412243e-03 7.269964e-03 6.306468e-03 1.289411e-02 6.423755e-03 7.417898e-03 7.264308e-03 2.652951e-02 2.234124e-02 1.858864e-02 
    12.5                6.087106e-03 2.741738e-03 7.952162e-03 7.860431e-03 6.634626e-03 1.461097e-02 6.767083e-03 7.959151e-03 7.853504e-03 2.902954e-02 2.418571e-02 1.954403e-02 
    13.5                6.693993e-03 2.520524e-03 8.420380e-03 8.292112e-03 6.938873e-03 1.675790e-02 7.190217e-03 8.428957e-03 8.283327e-03 3.173115e-02 2.656593e-02 2.059566e-02 
    14.5                7.280224e-03 2.205941e-03 8.818531e-03 8.653443e-03 7.310129e-03 1.799590e-02 7.696040e-03 8.829095e-03 8.642899e-03 3.360024e-02 2.806916e-02 2.148812e-02 
    15.5                7.887850e-03 1.861905e-03 8.862233e-03 8.701262e-03 7.507271e-03 1.936939e-02 7.930359e-03 8.874813e-03 8.688774e-03 3.505109e-02 2.965199e-02 2.182677e-02 
    16.5                8.755842e-03 1.591967e-03 9.198536e-03 9.030127e-03 7.177879e-03 2.173411e-02 8.124070e-03 9.213486e-03 9.015275e-03 3.727488e-02 3.178236e-02 2.285751e-02 
    17.5                8.899119e-03 1.228887e-03 9.104097e-03 8.982287e-03 7.648050e-03 2.143860e-02 8.341218e-03 9.120005e-03 8.966286e-03 3.726630e-02 3.183658e-02 2.263253e-02 
    18.5                1.021665e-02 1.005016e-03 9.283660e-03 9.063708e-03 7.715614e-03 2.420035e-02 8.576699e-03 9.302885e-03 9.044613e-03 3.994334e-02 3.478523e-02 2.361830e-02 
    19.5                1.038443e-02 7.453300e-04 9.070173e-03 8.859251e-03 7.119102e-03 2.434275e-02 8.436369e-03 9.090245e-03 8.839225e-03 3.921865e-02 3.437566e-02 2.325907e-02 
    20.5                1.144118e-02 5.107826e-04 9.004089e-03 8.824786e-03 7.430590e-03 2.590777e-02 8.579327e-03 9.026927e-03 8.802153e-03 4.072856e-02 3.633620e-02 2.372593e-02 
    21.5                1.259586e-02 3.271629e-04 8.991692e-03 8.736140e-03 7.029848e-03 2.699648e-02 8.785401e-03 9.017243e-03 8.710654e-03 4.136824e-02 3.738413e-02 2.437397e-02 
    22.5                1.297452e-02 2.070714e-04 8.773015e-03 8.565992e-03 7.082082e-03 2.760836e-02 8.668299e-03 8.799757e-03 8.539621e-03 4.167924e-02 3.803129e-02 2.414799e-02 
    23.5                1.482677e-02 1.181112e-04 8.565820e-03 8.372025e-03 7.537399e-03 2.874800e-02 9.193482e-03 8.596337e-03 8.341354e-03 4.280801e-02 4.019155e-02 2.521541e-02 
    24.5                1.448277e-02 6.699537e-05 8.258078e-03 8.057632e-03 6.631162e-03 2.792532e-02 8.681948e-03 8.288084e-03 8.027668e-03 4.085984e-02 3.835784e-02 2.422953e-02 
    25.5                1.572542e-02 4.423603e-05 8.019699e-03 7.821242e-03 6.950040e-03 2.859694e-02 8.966919e-03 8.052589e-03 7.788898e-03 4.143743e-02 3.971347e-02 2.468750e-02 
    26.5                1.674003e-02 2.490314e-05 7.723683e-03 7.525704e-03 7.474498e-03 2.849376e-02 9.319572e-03 7.758604e-03 7.491089e-03 4.145090e-02 4.047402e-02 2.502847e-02 
    27.5                1.769007e-02 1.277345e-05 7.615209e-03 7.442234e-03 6.895019e-03 2.899753e-02 9.321195e-03 7.652019e-03 7.405505e-03 4.113268e-02 4.080484e-02 2.551095e-02 
    28.5                1.736050e-02 4.145605e-06 7.176357e-03 6.937391e-03 6.960960e-03 2.746961e-02 9.118704e-03 7.212629e-03 6.901460e-03 3.927353e-02 3.927530e-02 2.439651e-02 
    29.5                1.731744e-02 2.906057e-07 6.776851e-03 6.605469e-03 6.015995e-03 2.719593e-02 8.525139e-03 6.812884e-03 6.569462e-03 3.763098e-02 3.807605e-02 2.373943e-02 
    30.5                2.115872e-02 0.000000e+00 6.661138e-03 6.476959e-03 7.847773e-03 2.884716e-02 1.046242e-02 6.705224e-03 6.433022e-03 4.082011e-02 4.318339e-02 2.701676e-02 
    31.5                2.000166e-02 0.000000e+00 6.249748e-03 6.111335e-03 7.206086e-03 2.570305e-02 1.000007e-02 6.291471e-03 6.069849e-03 3.678661e-02 3.920565e-02 2.538585e-02 
    32.5                2.060680e-02 0.000000e+00 6.127653e-03 5.959718e-03 7.452698e-03 2.575222e-02 1.017501e-02 6.170919e-03 5.917257e-03 3.690207e-02 3.973418e-02 2.560808e-02 
    33.5                1.928605e-02 0.000000e+00 5.620583e-03 5.472812e-03 6.621901e-03 2.360650e-02 9.351700e-03 5.660692e-03 5.432689e-03 3.351119e-02 3.651649e-02 2.369987e-02 
    34.5                1.996119e-02 0.000000e+00 5.295352e-03 5.139458e-03 7.025405e-03 2.288269e-02 9.738175e-03 5.337232e-03 5.098298e-03 3.294676e-02 3.648891e-02 2.394376e-02 
    35.5                1.960011e-02 0.000000e+00 5.014728e-03 4.900912e-03 6.987527e-03 2.127765e-02 9.617323e-03 5.055753e-03 4.860398e-03 3.110460e-02 3.485205e-02 2.322670e-02 
    36.5                1.958986e-02 0.000000e+00 4.789377e-03 4.680803e-03 7.456947e-03 2.010399e-02 9.777803e-03 4.830080e-03 4.640010e-03 3.015406e-02 3.425171e-02 2.286287e-02 
    37.5                2.014193e-02 0.000000e+00 4.604756e-03 4.517514e-03 7.097630e-03 1.965656e-02 9.886544e-03 4.646610e-03 4.475575e-03 2.921609e-02 3.392235e-02 2.314339e-02 
    38.5                2.013070e-02 0.000000e+00 4.284781e-03 4.196726e-03 7.957040e-03 1.721451e-02 1.050417e-02 4.326646e-03 4.154844e-03 2.743648e-02 3.270901e-02 2.282398e-02 
    39.5                1.985874e-02 0.000000e+00 4.067030e-03 3.978213e-03 8.168530e-03 1.592512e-02 1.054340e-02 4.108436e-03 3.937004e-03 2.625688e-02 3.168980e-02 2.230287e-02 
    40.5                2.028576e-02 0.000000e+00 3.917233e-03 3.855780e-03 7.721527e-03 1.595806e-02 1.051104e-02 3.959708e-03 3.813864e-03 2.571053e-02 3.158959e-02 2.254486e-02 
    41.5                1.901783e-02 0.000000e+00 3.617606e-03 3.558580e-03 6.191615e-03 1.534587e-02 9.398689e-03 3.657013e-03 3.518871e-03 2.334718e-02 2.908678e-02 2.098240e-02 
    42.5                2.136074e-02 0.000000e+00 3.585878e-03 3.522047e-03 8.309528e-03 1.387854e-02 1.155869e-02 3.630528e-03 3.477834e-03 2.394914e-02 3.121494e-02 2.317658e-02 
    43.5                2.126993e-02 0.000000e+00 3.490694e-03 3.474398e-03 7.898723e-03 1.246911e-02 1.164937e-02 3.534834e-03 3.430052e-03 2.214561e-02 3.005361e-02 2.301404e-02 
    44.5                2.498980e-02 0.000000e+00 3.559644e-03 3.524021e-03 8.151743e-03 1.460570e-02 1.325847e-02 3.611613e-03 3.472029e-03 2.454334e-02 3.426850e-02 2.664060e-02 
    45.5                2.411319e-02 0.000000e+00 3.501618e-03 3.488119e-03 8.195829e-03 1.235108e-02 1.326486e-02 3.551746e-03 3.437933e-03 2.233132e-02 3.217492e-02 2.569497e-02 
    46.5                2.512561e-02 0.000000e+00 3.384810e-03 3.331342e-03 8.662354e-03 1.170086e-02 1.411513e-02 3.437496e-03 3.279501e-03 2.208889e-02 3.281380e-02 2.660446e-02 
    47.5                2.737763e-02 0.000000e+00 3.360095e-03 3.390982e-03 1.034358e-02 1.062979e-02 1.600082e-02 3.416976e-03 3.333967e-03 2.266942e-02 3.500982e-02 2.876434e-02 
    48.5                2.825016e-02 0.000000e+00 3.460998e-03 3.425937e-03 8.348253e-03 1.209031e-02 1.563855e-02 3.520126e-03 3.367540e-03 2.227135e-02 3.543230e-02 2.961718e-02 
    49.5                2.990400e-02 0.000000e+00 3.591346e-03 3.579301e-03 8.813613e-03 1.173201e-02 1.676352e-02 3.653608e-03 3.517157e-03 2.246003e-02 3.683762e-02 3.125599e-02 
    50.5                2.861933e-02 0.000000e+00 3.397322e-03 3.427981e-03 8.508313e-03 9.960714e-03 1.631922e-02 3.456512e-03 3.368109e-03 2.034957e-02 3.466792e-02 2.985617e-02 
    51.5                2.900403e-02 0.000000e+00 3.462622e-03 3.415983e-03 7.831715e-03 9.697777e-03 1.648073e-02 3.523318e-03 3.356018e-03 1.948372e-02 3.443764e-02 3.024349e-02 
    52.5                3.037466e-02 0.000000e+00 3.353471e-03 3.401999e-03 7.244082e-03 9.637238e-03 1.704441e-02 3.416307e-03 3.338470e-03 1.887635e-02 3.539756e-02 3.154875e-02 
    53.5                3.228822e-02 0.000000e+00 3.484418e-03 3.450536e-03 6.991605e-03 9.242624e-03 1.823808e-02 3.551633e-03 3.383427e-03 1.838815e-02 3.693607e-02 3.344369e-02 
    54.5                3.715811e-02 0.000000e+00 3.716554e-03 3.714438e-03 6.269621e-03 9.754047e-03 2.070835e-02 3.793868e-03 3.637169e-03 1.854699e-02 4.142885e-02 3.834224e-02 
    55.5                3.616590e-02 0.000000e+00 3.440126e-03 3.427168e-03 6.159320e-03 9.448991e-03 2.017724e-02 3.515132e-03 3.351718e-03 1.798412e-02 4.023640e-02 3.722765e-02 
    56.5                3.490396e-02 0.000000e+00 3.429158e-03 3.420628e-03 5.615977e-03 8.457167e-03 1.954563e-02 3.501832e-03 3.348095e-03 1.653541e-02 3.843978e-02 3.594967e-02 
    57.5                3.392321e-02 0.000000e+00 3.254219e-03 3.235737e-03 4.315383e-03 8.080611e-03 1.874023e-02 3.324954e-03 3.165346e-03 1.496994e-02 3.693455e-02 3.487223e-02 
    58.5                3.218932e-02 0.000000e+00 3.117571e-03 3.126048e-03 4.332801e-03 7.338336e-03 1.789977e-02 3.184599e-03 3.059164e-03 1.427477e-02 3.491025e-02 3.309591e-02 
    59.5                2.756142e-02 0.000000e+00 2.785898e-03 2.758266e-03 3.067391e-03 6.579276e-03 1.511056e-02 2.843579e-03 2.701287e-03 1.198892e-02 2.975310e-02 2.835210e-02 
    60.5                2.569559e-02 0.000000e+00 2.483856e-03 2.485704e-03 2.600689e-03 5.672730e-03 1.411401e-02 2.537098e-03 2.432048e-03 1.043894e-02 2.745487e-02 2.638992e-02 
    61.5                2.578965e-02 0.000000e+00 2.269151e-03 2.267320e-03 1.713563e-03 5.467848e-03 1.399437e-02 2.322620e-03 2.213500e-03 9.273728e-03 2.717238e-02 2.640709e-02 
    62.5                2.483204e-02 0.000000e+00 1.960086e-03 1.937126e-03 1.452584e-03 4.562097e-03 1.361974e-02 2.012714e-03 1.886449e-03 7.886031e-03 2.591551e-02 2.535244e-02 
    63.5                1.827198e-02 0.000000e+00 1.691999e-03 1.676880e-03 8.613288e-04 3.460689e-03 9.940696e-03 1.730081e-03 1.638947e-03 6.040358e-03 1.903461e-02 1.871905e-02 
    64.5                1.694708e-02 0.000000e+00 1.437893e-03 1.429937e-03 5.386352e-04 3.082741e-03 9.181124e-03 1.473096e-03 1.394636e-03 5.117042e-03 1.751673e-02 1.731119e-02 
    65.5                1.398756e-02 0.000000e+00 1.088850e-03 1.080236e-03 3.034340e-04 2.370036e-03 7.587878e-03 1.118455e-03 1.051650e-03 3.846335e-03 1.436499e-02 1.425522e-02 
    66.5                1.122528e-02 0.000000e+00 8.666469e-04 8.573132e-04 1.524922e-04 1.773408e-03 6.100898e-03 8.901446e-04 8.341120e-04 2.905682e-03 1.147299e-02 1.142695e-02 
    67.5                8.224581e-03 0.000000e+00 6.126053e-04 6.055607e-04 8.650174e-05 1.152034e-03 4.501419e-03 6.297368e-04 5.884767e-04 1.944476e-03 8.365484e-03 8.359415e-03 
    68.5                5.865622e-03 0.000000e+00 4.246703e-04 4.222590e-04 4.055848e-05 8.117385e-04 3.205429e-03 4.369258e-04 4.101126e-04 1.343757e-03 5.953845e-03 5.950811e-03 
    69.5                4.651394e-03 0.000000e+00 2.647027e-04 2.619328e-04 3.279553e-05 5.018513e-04 2.578993e-03 2.746958e-04 2.525753e-04 8.471900e-04 4.695212e-03 4.695319e-03 
    70.5                2.342929e-03 0.000000e+00 1.119109e-04 1.111070e-04 2.405679e-05 1.745444e-04 1.320536e-03 1.168375e-04 1.062866e-04 3.351220e-04 2.355572e-03 2.357788e-03 
    71.5                5.269246e-04 0.000000e+00 1.552574e-05 1.547805e-05 7.776180e-06 2.123634e-05 3.021002e-04 1.663031e-05 1.439052e-05 4.737574e-05 5.280839e-04 5.281920e-04 
    72.5                0.000000e+00 0.000000e+00 0.000000e+00 0.000000e+00 0.000000e+00 0.000000e+00 0.000000e+00 0.000000e+00 0.000000e+00 0.000000e+00 0.000000e+00 0.000000e+00 
    73.5                0.000000e+00 0.000000e+00 0.000000e+00 0.000000e+00 0.000000e+00 0.000000e+00 0.000000e+00 0.000000e+00 0.000000e+00 0.000000e+00 0.000000e+00 0.000000e+00 
    74.5                0.000000e+00 0.000000e+00 0.000000e+00 0.000000e+00 0.000000e+00 0.000000e+00 0.000000e+00 0.000000e+00 0.000000e+00 0.000000e+00 0.000000e+00 0.000000e+00 
    75.5                0.000000e+00 0.000000e+00 0.000000e+00 0.000000e+00 0.000000e+00 0.000000e+00 0.000000e+00 0.000000e+00 0.000000e+00 0.000000e+00 0.000000e+00 0.000000e+00 
    76.5                0.000000e+00 0.000000e+00 0.000000e+00 0.000000e+00 0.000000e+00 0.000000e+00 0.000000e+00 0.000000e+00 0.000000e+00 0.000000e+00 0.000000e+00 0.000000e+00 
    77.5                0.000000e+00 0.000000e+00 0.000000e+00 0.000000e+00 0.000000e+00 0.000000e+00 0.000000e+00 0.000000e+00 0.000000e+00 0.000000e+00 0.000000e+00 0.000000e+00 
    78.5                0.000000e+00 0.000000e+00 0.000000e+00 0.000000e+00 0.000000e+00 0.000000e+00 0.000000e+00 0.000000e+00 0.000000e+00 0.000000e+00 0.000000e+00 0.000000e+00 
    79.5                0.000000e+00 0.000000e+00 0.000000e+00 0.000000e+00 0.000000e+00 0.000000e+00 0.000000e+00 0.000000e+00 0.000000e+00 0.000000e+00 0.000000e+00 0.000000e+00 


