# 80 rows of flux data
# 12 columns of flux data
# 
# total cross-sectional flux  2.027993e+00 /m^2/yr
#
#                             +x ram      -x wake      +y port -y starboard    +z zenith     -z nadir        Earth          Sun     anti-Sun      rot (x)      rot (y)      rot (z) 
# average speed (km/s)         43.71        11.36        29.20        29.41        31.58        31.47        37.28        29.25        29.36        30.65        36.70        37.59 
# total flux (#/m2/yr)  1.070779e+00 4.055025e-02 3.822300e-01 3.787109e-01 5.821172e-01 5.920082e-01 6.206619e-01 3.834762e-01 3.774613e-01 1.519040e+00 1.756678e+00 1.504659e+00 
# velocity (km/s)
     0.5                0.000000e+00 1.133958e-06 0.000000e+00 1.946264e-06 5.943339e-07 0.000000e+00 0.000000e+00 0.000000e+00 1.949006e-06 2.041185e-06 1.313768e-06 2.389924e-06 
     1.5                6.523242e-05 5.975982e-05 4.171804e-05 5.211614e-05 3.227572e-05 3.589305e-05 4.540834e-05 4.170802e-05 5.209283e-05 1.268036e-04 1.520774e-04 1.699788e-04 
     2.5                4.217001e-04 2.851515e-04 3.058038e-04 3.313180e-04 2.801562e-04 2.723632e-04 3.443828e-04 3.059784e-04 3.311618e-04 9.349764e-04 9.801188e-04 1.048606e-03 
     3.5                9.792034e-04 7.416390e-04 8.865598e-04 8.877703e-04 7.561166e-04 7.627597e-04 9.307692e-04 8.867941e-04 8.874291e-04 2.590902e-03 2.497260e-03 2.701620e-03 
     4.5                1.647725e-03 1.174779e-03 1.773529e-03 1.801019e-03 1.584562e-03 1.591087e-03 1.824303e-03 1.774101e-03 1.800446e-03 5.308850e-03 4.663680e-03 4.982846e-03 
     5.5                2.681061e-03 1.889519e-03 2.922669e-03 2.961493e-03 2.820085e-03 2.787598e-03 3.007808e-03 2.923586e-03 2.960493e-03 9.043176e-03 7.938572e-03 8.208255e-03 
     6.5                3.294482e-03 2.521450e-03 4.126053e-03 3.981735e-03 3.952312e-03 4.058404e-03 4.138203e-03 4.127152e-03 3.980962e-03 1.267451e-02 1.082638e-02 1.094610e-02 
     7.5                3.884822e-03 3.040274e-03 5.272230e-03 5.111546e-03 5.393768e-03 5.455019e-03 5.182322e-03 5.273242e-03 5.110513e-03 1.670503e-02 1.399617e-02 1.368103e-02 
     8.5                4.647592e-03 3.701893e-03 6.256570e-03 6.212672e-03 6.724045e-03 6.875065e-03 6.157669e-03 6.257735e-03 6.211546e-03 2.051705e-02 1.734803e-02 1.654825e-02 
     9.5                5.151039e-03 3.694793e-03 7.269208e-03 7.025883e-03 7.750140e-03 8.029018e-03 7.160604e-03 7.271141e-03 7.024289e-03 2.366356e-02 1.952499e-02 1.838872e-02 
    10.5                6.111392e-03 3.622672e-03 8.379134e-03 8.182297e-03 9.566401e-03 9.587228e-03 8.265811e-03 8.382067e-03 8.179201e-03 2.809903e-02 2.297990e-02 2.090330e-02 
    11.5                6.860889e-03 3.247031e-03 9.384186e-03 9.097115e-03 1.075238e-02 1.093799e-02 9.389532e-03 9.388663e-03 9.092838e-03 3.160754e-02 2.541657e-02 2.280096e-02 
    12.5                7.413941e-03 3.054045e-03 1.008720e-02 9.756588e-03 1.213763e-02 1.214764e-02 1.008795e-02 1.009270e-02 9.751531e-03 3.470498e-02 2.776479e-02 2.415852e-02 
    13.5                7.686705e-03 2.839207e-03 1.046499e-02 1.018766e-02 1.276294e-02 1.319049e-02 1.047422e-02 1.047083e-02 1.018176e-02 3.665584e-02 2.938085e-02 2.495086e-02 
    14.5                8.492931e-03 2.291677e-03 1.079568e-02 1.049603e-02 1.359499e-02 1.383640e-02 1.098219e-02 1.080322e-02 1.048855e-02 3.830529e-02 3.079775e-02 2.572720e-02 
    15.5                8.786266e-03 2.029805e-03 1.115816e-02 1.092323e-02 1.446538e-02 1.478184e-02 1.136039e-02 1.116658e-02 1.091528e-02 4.034474e-02 3.245597e-02 2.644924e-02 
    16.5                1.011694e-02 1.672465e-03 1.156063e-02 1.131539e-02 1.540085e-02 1.579697e-02 1.197363e-02 1.157073e-02 1.130504e-02 4.245847e-02 3.464172e-02 2.782472e-02 
    17.5                9.753035e-03 1.340761e-03 1.126409e-02 1.103999e-02 1.491912e-02 1.524590e-02 1.175451e-02 1.127451e-02 1.103003e-02 4.121021e-02 3.333609e-02 2.684696e-02 
    18.5                1.021603e-02 1.034343e-03 1.122279e-02 1.102314e-02 1.519765e-02 1.562663e-02 1.184346e-02 1.123374e-02 1.101186e-02 4.173109e-02 3.400448e-02 2.697598e-02 
    19.5                1.171856e-02 7.487245e-04 1.145454e-02 1.119211e-02 1.594600e-02 1.630410e-02 1.241068e-02 1.146784e-02 1.117884e-02 4.310461e-02 3.588926e-02 2.813599e-02 
    20.5                1.179387e-02 5.540814e-04 1.093300e-02 1.085761e-02 1.553871e-02 1.625027e-02 1.193890e-02 1.094661e-02 1.084399e-02 4.206758e-02 3.530037e-02 2.723553e-02 
    21.5                1.175227e-02 4.212323e-04 1.087816e-02 1.060428e-02 1.569212e-02 1.572647e-02 1.185561e-02 1.089203e-02 1.059070e-02 4.153004e-02 3.485082e-02 2.685538e-02 
    22.5                1.317903e-02 2.357773e-04 1.072330e-02 1.068135e-02 1.579605e-02 1.658270e-02 1.207359e-02 1.073888e-02 1.066558e-02 4.222711e-02 3.621998e-02 2.755319e-02 
    23.5                1.260959e-02 1.372096e-04 1.003589e-02 9.861564e-03 1.484382e-02 1.526455e-02 1.141064e-02 1.005099e-02 9.846451e-03 3.924348e-02 3.376428e-02 2.577317e-02 
    24.5                1.303968e-02 9.232048e-05 9.730940e-03 9.484425e-03 1.471537e-02 1.489337e-02 1.117289e-02 9.746799e-03 9.468919e-03 3.830058e-02 3.339971e-02 2.531481e-02 
    25.5                1.310106e-02 6.064825e-05 9.177277e-03 9.342974e-03 1.390047e-02 1.498954e-02 1.065825e-02 9.192643e-03 9.326749e-03 3.713455e-02 3.264541e-02 2.457796e-02 
    26.5                1.400054e-02 3.408650e-05 9.084834e-03 8.744759e-03 1.420731e-02 1.395230e-02 1.080640e-02 9.101992e-03 8.728084e-03 3.604640e-02 3.240488e-02 2.459584e-02 
    27.5                1.305343e-02 1.823041e-05 8.178693e-03 8.196644e-03 1.262092e-02 1.319223e-02 9.867653e-03 8.194353e-03 8.180725e-03 3.309149e-02 2.973866e-02 2.260679e-02 
    28.5                1.337877e-02 5.189067e-06 7.763986e-03 7.580107e-03 1.215812e-02 1.248520e-02 9.677934e-03 7.780482e-03 7.564205e-03 3.140664e-02 2.882777e-02 2.199633e-02 
    29.5                1.443043e-02 3.522096e-07 7.400848e-03 7.272454e-03 1.225463e-02 1.236368e-02 9.530204e-03 7.418182e-03 7.254830e-03 3.075647e-02 2.931899e-02 2.221013e-02 
    30.5                1.291705e-02 0.000000e+00 6.632175e-03 6.701132e-03 1.085934e-02 1.134759e-02 8.498579e-03 6.647644e-03 6.685309e-03 2.788127e-02 2.639456e-02 1.995252e-02 
    31.5                1.328222e-02 0.000000e+00 6.423211e-03 6.242667e-03 1.080733e-02 1.084432e-02 8.490479e-03 6.439446e-03 6.226726e-03 2.694037e-02 2.599711e-02 1.967988e-02 
    32.5                1.330454e-02 0.000000e+00 5.845441e-03 5.788683e-03 9.969591e-03 1.023351e-02 8.079946e-03 5.861638e-03 5.772649e-03 2.497657e-02 2.487232e-02 1.898148e-02 
    33.5                1.416319e-02 0.000000e+00 5.668014e-03 5.638551e-03 9.976419e-03 1.022218e-02 8.099007e-03 5.685338e-03 5.621564e-03 2.467561e-02 2.519567e-02 1.931193e-02 
    34.5                1.385989e-02 0.000000e+00 5.317092e-03 5.416618e-03 9.553434e-03 9.903980e-03 7.688027e-03 5.333483e-03 5.399433e-03 2.368118e-02 2.439164e-02 1.865251e-02 
    35.5                1.355003e-02 0.000000e+00 5.038969e-03 5.136235e-03 8.864830e-03 9.302299e-03 7.475287e-03 5.055103e-03 5.119542e-03 2.223081e-02 2.316648e-02 1.797989e-02 
    36.5                1.484946e-02 0.000000e+00 5.108417e-03 4.818760e-03 9.461013e-03 8.949399e-03 7.878820e-03 5.126879e-03 4.801250e-03 2.215116e-02 2.415701e-02 1.886214e-02 
    37.5                1.465279e-02 0.000000e+00 4.792627e-03 4.847319e-03 8.856786e-03 9.251647e-03 7.537652e-03 4.810265e-03 4.829460e-03 2.173338e-02 2.377838e-02 1.847079e-02 
    38.5                1.818864e-02 0.000000e+00 4.936344e-03 4.953169e-03 9.303104e-03 9.431960e-03 8.848463e-03 4.958324e-03 4.931087e-03 2.236117e-02 2.685047e-02 2.177271e-02 
    39.5                1.579882e-02 0.000000e+00 4.620364e-03 4.530496e-03 8.939245e-03 8.585483e-03 7.771679e-03 4.639738e-03 4.511596e-03 2.087415e-02 2.405841e-02 1.912730e-02 
    40.5                1.572972e-02 0.000000e+00 4.331402e-03 4.299962e-03 8.079337e-03 8.400620e-03 7.654262e-03 4.350538e-03 4.280992e-03 1.965599e-02 2.325266e-02 1.875010e-02 
    41.5                1.726670e-02 0.000000e+00 4.315973e-03 4.418795e-03 8.436362e-03 8.664526e-03 8.056027e-03 4.336597e-03 4.397589e-03 2.020374e-02 2.480808e-02 2.015027e-02 
    42.5                1.958396e-02 0.000000e+00 4.654770e-03 4.657250e-03 8.881876e-03 8.903523e-03 9.040156e-03 4.678391e-03 4.633428e-03 2.121367e-02 2.706128e-02 2.253074e-02 
    43.5                1.660652e-02 0.000000e+00 3.726302e-03 3.846423e-03 7.053185e-03 7.424360e-03 7.586395e-03 3.745985e-03 3.825875e-03 1.727450e-02 2.256561e-02 1.896734e-02 
    44.5                2.146958e-02 0.000000e+00 4.482094e-03 4.457320e-03 8.714619e-03 8.602722e-03 9.629440e-03 4.508107e-03 4.431322e-03 2.053497e-02 2.810255e-02 2.400833e-02 
    45.5                2.062149e-02 0.000000e+00 4.253160e-03 4.247957e-03 8.296266e-03 8.299684e-03 9.219301e-03 4.278244e-03 4.223085e-03 1.972929e-02 2.697401e-02 2.303648e-02 
    46.5                2.115234e-02 0.000000e+00 4.367099e-03 4.171787e-03 8.583283e-03 8.072463e-03 9.473693e-03 4.393181e-03 4.146628e-03 1.967122e-02 2.734811e-02 2.345423e-02 
    47.5                2.367958e-02 0.000000e+00 4.232024e-03 4.593169e-03 8.044712e-03 8.826074e-03 1.020184e-02 4.259951e-03 4.563730e-03 2.010414e-02 2.964909e-02 2.596941e-02 
    48.5                2.400646e-02 0.000000e+00 4.121170e-03 4.053555e-03 7.835153e-03 7.734450e-03 1.050387e-02 4.150374e-03 4.024602e-03 1.866762e-02 2.925785e-02 2.606337e-02 
    49.5                2.580157e-02 0.000000e+00 4.305773e-03 4.213277e-03 8.267828e-03 7.968181e-03 1.119040e-02 4.337656e-03 4.182656e-03 1.946366e-02 3.107528e-02 2.784815e-02 
    50.5                3.050257e-02 0.000000e+00 4.504546e-03 4.687211e-03 8.569989e-03 8.792925e-03 1.294657e-02 4.540952e-03 4.649724e-03 2.080425e-02 3.578015e-02 3.256351e-02 
    51.5                3.256669e-02 0.000000e+00 4.799654e-03 4.572735e-03 9.032505e-03 8.401436e-03 1.401364e-02 4.840778e-03 4.534966e-03 2.104152e-02 3.759609e-02 3.458481e-02 
    52.5                3.728809e-02 0.000000e+00 4.680818e-03 4.951491e-03 8.602303e-03 9.061339e-03 1.564892e-02 4.724234e-03 4.904574e-03 2.142517e-02 4.201907e-02 3.921962e-02 
    53.5                3.736109e-02 0.000000e+00 4.698967e-03 4.681417e-03 8.504055e-03 8.343848e-03 1.581469e-02 4.744991e-03 4.636932e-03 2.062637e-02 4.170506e-02 3.920878e-02 
    54.5                3.798212e-02 0.000000e+00 4.509058e-03 4.750909e-03 8.162174e-03 8.390653e-03 1.587572e-02 4.553678e-03 4.703515e-03 2.029881e-02 4.211711e-02 3.976289e-02 
    55.5                3.422452e-02 0.000000e+00 4.140832e-03 4.145836e-03 7.209394e-03 7.214733e-03 1.444889e-02 4.182418e-03 4.104512e-03 1.792148e-02 3.770469e-02 3.580351e-02 
    56.5                3.387950e-02 0.000000e+00 4.117331e-03 4.136749e-03 7.056143e-03 6.913910e-03 1.423801e-02 4.158179e-03 4.095523e-03 1.754617e-02 3.718789e-02 3.541509e-02 
    57.5                3.401602e-02 0.000000e+00 3.963922e-03 4.086173e-03 6.665702e-03 6.851507e-03 1.422152e-02 4.004573e-03 4.044418e-03 1.699310e-02 3.712381e-02 3.545634e-02 
    58.5                2.890137e-02 0.000000e+00 3.502361e-03 3.444936e-03 5.579751e-03 5.461439e-03 1.218388e-02 3.538142e-03 3.410703e-03 1.418340e-02 3.135072e-02 3.014492e-02 
    59.5                3.122925e-02 0.000000e+00 3.365735e-03 3.590347e-03 5.652902e-03 5.871612e-03 1.292635e-02 3.402386e-03 3.551344e-03 1.453599e-02 3.366051e-02 3.239515e-02 
    60.5                2.541341e-02 0.000000e+00 2.953563e-03 2.830701e-03 4.869044e-03 4.526959e-03 1.070778e-02 2.985170e-03 2.800743e-03 1.193963e-02 2.740109e-02 2.638616e-02 
    61.5                2.716243e-02 0.000000e+00 2.808369e-03 2.984442e-03 4.521900e-03 4.895107e-03 1.124371e-02 2.840442e-03 2.950712e-03 1.192771e-02 2.900974e-02 2.806937e-02 
    62.5                2.175354e-02 0.000000e+00 2.236862e-03 2.218499e-03 3.458287e-03 3.424900e-03 9.090110e-03 2.263599e-03 2.192537e-03 8.910640e-03 2.302037e-02 2.244082e-02 
    63.5                1.972787e-02 0.000000e+00 1.918807e-03 2.007190e-03 2.999591e-03 3.067966e-03 8.147699e-03 1.942301e-03 1.982893e-03 7.844894e-03 2.079995e-02 2.030388e-02 
    64.5                1.363652e-02 0.000000e+00 1.410848e-03 1.406696e-03 2.160188e-03 2.158765e-03 5.675660e-03 1.427392e-03 1.390205e-03 5.608622e-03 1.440832e-02 1.405094e-02 
    65.5                1.188779e-02 0.000000e+00 1.113033e-03 1.142484e-03 1.701543e-03 1.753168e-03 4.918122e-03 1.127424e-03 1.128076e-03 4.480196e-03 1.245524e-02 1.219432e-02 
    66.5                8.598496e-03 0.000000e+00 7.713980e-04 7.705822e-04 1.175236e-03 1.172076e-03 3.567950e-03 7.818459e-04 7.602000e-04 3.062253e-03 8.965207e-03 8.799501e-03 
    67.5                6.501528e-03 0.000000e+00 5.412853e-04 5.527997e-04 8.596522e-04 8.842581e-04 2.690144e-03 5.491810e-04 5.449453e-04 2.221710e-03 6.757969e-03 6.628248e-03 
    68.5                4.219440e-03 0.000000e+00 3.028596e-04 3.172677e-04 4.910067e-04 5.126362e-04 1.740490e-03 3.078751e-04 3.120614e-04 1.272388e-03 4.351018e-03 4.284259e-03 
    69.5                2.126079e-03 0.000000e+00 1.364099e-04 1.409963e-04 2.180346e-04 2.331870e-04 8.800311e-04 1.389591e-04 1.383950e-04 5.727032e-04 2.178573e-03 2.151829e-03 
    70.5                9.134270e-04 0.000000e+00 4.315627e-05 4.551876e-05 7.238921e-05 7.645124e-05 3.773682e-04 4.424897e-05 4.439865e-05 1.861199e-04 9.270738e-04 9.197580e-04 
    71.5                1.330595e-04 0.000000e+00 5.141127e-06 5.512127e-06 6.710392e-06 7.628887e-06 5.499642e-05 5.299860e-06 5.348518e-06 1.959656e-05 1.339981e-04 1.336513e-04 
    72.5                1.007790e-06 0.000000e+00 9.616237e-09 1.724520e-08 7.261112e-09 1.989252e-08 4.130690e-07 1.032537e-08 1.551291e-08 4.247979e-08 1.008234e-06 1.008265e-06 
    73.5                0.000000e+00 0.000000e+00 0.000000e+00 0.000000e+00 0.000000e+00 0.000000e+00 0.000000e+00 0.000000e+00 0.000000e+00 0.000000e+00 0.000000e+00 0.000000e+00 
    74.5                0.000000e+00 0.000000e+00 0.000000e+00 0.000000e+00 0.000000e+00 0.000000e+00 0.000000e+00 0.000000e+00 0.000000e+00 0.000000e+00 0.000000e+00 0.000000e+00 
    75.5                0.000000e+00 0.000000e+00 0.000000e+00 0.000000e+00 0.000000e+00 0.000000e+00 0.000000e+00 0.000000e+00 0.000000e+00 0.000000e+00 0.000000e+00 0.000000e+00 
    76.5                0.000000e+00 0.000000e+00 0.000000e+00 0.000000e+00 0.000000e+00 0.000000e+00 0.000000e+00 0.000000e+00 0.000000e+00 0.000000e+00 0.000000e+00 0.000000e+00 
    77.5                0.000000e+00 0.000000e+00 0.000000e+00 0.000000e+00 0.000000e+00 0.000000e+00 0.000000e+00 0.000000e+00 0.000000e+00 0.000000e+00 0.000000e+00 0.000000e+00 
    78.5                0.000000e+00 0.000000e+00 0.000000e+00 0.000000e+00 0.000000e+00 0.000000e+00 0.000000e+00 0.000000e+00 0.000000e+00 0.000000e+00 0.000000e+00 0.000000e+00 
    79.5                0.000000e+00 0.000000e+00 0.000000e+00 0.000000e+00 0.000000e+00 0.000000e+00 0.000000e+00 0.000000e+00 0.000000e+00 0.000000e+00 0.000000e+00 0.000000e+00 


