# 80 rows of flux data
# 12 columns of flux data
# 
# total cross-sectional flux  7.485422e-02 /m^2/yr
#
#                             +x ram      -x wake      +y port -y starboard    +z zenith     -z nadir        Earth          Sun     anti-Sun      rot (x)      rot (y)      rot (z) 
# average speed (km/s)          0.06         0.09         0.22         0.15         0.90         0.93         5.10         0.21         0.14         0.43         0.26         0.63 
# total flux (#/m2/yr)  5.721315e-02 2.906702e-03 2.797276e-02 2.790187e-02 2.135453e-01 2.083159e-01 1.592801e-01 2.820279e-02 2.810332e-02 4.645339e-02 1.101991e-01 1.520136e-02 
# velocity (km/s)
     0.5                0.000000e+00 4.910181e-07 0.000000e+00 8.427572e-07 2.573541e-07 0.000000e+00 0.000000e+00 0.000000e+00 8.439442e-07 8.838591e-07 5.688782e-07 1.034868e-06 
     1.5                1.048318e-05 7.193825e-06 5.220624e-06 6.576563e-06 5.205935e-06 3.665690e-06 6.829579e-06 5.221198e-06 6.567014e-06 1.436828e-05 1.952022e-05 2.058612e-05 
     2.5                4.348006e-05 4.718064e-05 3.971584e-05 5.254092e-05 5.346321e-05 5.201219e-05 3.959176e-05 3.967168e-05 5.251829e-05 1.576493e-04 1.424324e-04 1.395112e-04 
     3.5                9.953757e-05 1.072200e-04 8.511434e-05 8.160196e-05 1.163087e-04 8.558196e-05 8.563517e-05 8.502500e-05 8.158145e-05 2.891472e-04 2.950136e-04 2.751661e-04 
     4.5                2.794235e-04 9.600211e-05 1.794876e-04 1.952522e-04 2.448841e-04 2.391816e-04 2.280045e-04 1.794099e-04 1.952724e-04 6.122214e-04 5.667428e-04 5.778448e-04 
     5.5                3.855017e-04 1.600381e-04 2.789598e-04 2.941753e-04 4.549121e-04 3.840321e-04 3.831955e-04 2.790259e-04 2.941366e-04 1.030291e-03 9.651416e-04 8.777241e-04 
     6.5                2.758428e-04 2.742562e-04 3.950386e-04 3.444853e-04 5.677408e-04 6.216025e-04 4.950052e-04 3.953936e-04 3.443630e-04 1.269562e-03 1.047939e-03 9.826138e-04 
     7.5                3.785447e-04 2.773511e-04 4.726305e-04 4.119872e-04 8.619617e-04 7.899042e-04 6.511822e-04 4.730320e-04 4.118296e-04 1.523538e-03 1.265451e-03 1.234078e-03 
     8.5                4.225638e-04 3.977825e-04 6.091699e-04 6.023913e-04 1.136664e-03 1.147224e-03 7.778309e-04 6.092579e-04 6.024318e-04 2.074398e-03 1.680543e-03 1.653746e-03 
     9.5                3.417107e-04 2.964552e-04 6.202976e-04 5.513434e-04 1.423794e-03 1.443453e-03 8.251747e-04 6.207100e-04 5.516418e-04 1.808798e-03 1.321864e-03 1.466462e-03 
    10.5                6.249693e-04 2.541391e-04 8.343368e-04 7.468805e-04 2.024709e-03 1.998944e-03 1.111191e-03 8.347692e-04 7.468339e-04 2.408371e-03 1.757440e-03 1.997878e-03 
    11.5                5.320255e-04 1.766819e-04 9.677392e-04 8.975465e-04 2.326922e-03 2.427479e-03 1.197866e-03 9.683614e-04 8.979792e-04 2.581117e-03 1.617275e-03 2.107889e-03 
    12.5                6.269328e-04 1.918317e-04 1.039878e-03 9.608411e-04 2.892136e-03 2.916762e-03 1.306866e-03 1.040633e-03 9.613691e-04 2.816368e-03 1.783909e-03 2.290093e-03 
    13.5                3.551461e-04 1.648181e-04 9.804416e-04 8.967657e-04 3.621651e-03 3.337105e-03 1.250634e-03 9.817453e-04 8.972013e-04 2.087331e-03 1.057917e-03 1.950508e-03 
    14.5                4.969560e-04 6.261421e-05 9.668510e-04 8.858477e-04 3.839016e-03 3.770858e-03 1.234474e-03 9.681510e-04 8.863669e-04 2.187532e-03 1.190253e-03 1.998321e-03 
    15.5                3.562800e-04 7.965609e-05 1.100783e-03 1.012430e-03 4.209602e-03 4.214159e-03 1.303202e-03 1.102441e-03 1.013011e-03 2.344258e-03 1.149349e-03 2.114741e-03 
    16.5                5.613619e-04 1.002546e-04 1.143685e-03 1.097920e-03 5.072526e-03 5.107543e-03 1.448818e-03 1.145784e-03 1.098360e-03 2.390301e-03 1.226511e-03 2.290804e-03 
    17.5                5.353146e-04 9.346886e-05 1.092319e-03 1.028196e-03 5.075163e-03 4.818748e-03 1.286320e-03 1.093075e-03 1.030107e-03 1.951655e-03 8.675541e-04 2.202742e-03 
    18.5                5.521728e-05 4.249510e-05 1.038036e-03 1.013958e-03 5.845169e-03 5.901901e-03 1.242405e-03 1.039019e-03 1.015839e-03 1.206944e-03 3.444182e-04 1.786599e-03 
    19.5                4.888807e-04 1.911022e-05 1.133720e-03 1.087288e-03 6.390773e-03 6.110160e-03 1.546884e-03 1.136808e-03 1.088921e-03 1.518444e-03 6.187902e-04 2.118916e-03 
    20.5                2.460868e-04 3.486898e-05 9.412389e-04 9.287927e-04 6.728480e-03 6.567969e-03 1.341277e-03 9.442878e-04 9.294671e-04 4.940820e-04 9.955979e-04 1.498845e-03 
    21.5                4.040528e-04 4.666981e-05 9.681024e-04 8.679530e-04 7.072768e-03 7.061941e-03 1.255545e-03 9.700704e-04 8.706451e-04 7.467145e-05 1.284848e-03 1.236138e-03 
    22.5                3.208952e-04 1.827263e-05 9.294083e-04 9.887032e-04 7.329056e-03 7.321868e-03 1.448186e-03 9.330141e-04 9.903022e-04 3.661297e-04 1.301299e-03 1.434043e-03 
    23.5                1.440183e-03 1.288080e-05 7.031404e-04 6.727919e-04 8.078931e-03 7.808215e-03 1.248100e-03 7.076182e-04 6.753448e-04 2.179934e-03 3.662770e-03 3.688127e-04 
    24.5                7.199355e-04 1.460594e-05 7.265578e-04 6.675972e-04 7.315662e-03 7.527098e-03 1.303680e-03 7.304061e-04 6.702747e-04 1.309566e-03 2.454208e-03 5.242313e-04 
    25.5                1.625219e-03 8.453761e-06 5.488476e-04 6.466109e-04 8.294188e-03 7.967011e-03 1.265413e-03 5.555830e-04 6.473080e-04 2.812187e-03 4.220425e-03 5.923546e-04 
    26.5                1.421466e-03 4.635490e-06 6.397200e-04 5.786519e-04 7.820462e-03 7.770635e-03 1.418826e-03 6.443575e-04 5.850836e-04 2.860082e-03 4.165548e-03 3.277324e-04 
    27.5                2.430473e-03 2.599311e-06 2.954205e-04 2.966986e-04 8.473834e-03 8.164962e-03 1.332731e-03 3.044254e-04 3.015155e-04 4.429120e-03 5.913606e-03 1.628228e-03 
    28.5                2.032058e-03 6.493863e-07 3.059658e-04 3.233132e-04 7.634962e-03 7.499335e-03 1.425697e-03 3.108539e-04 3.329286e-04 3.919704e-03 5.195366e-03 1.263295e-03 
    29.5                1.804385e-03 3.451078e-08 3.017351e-04 3.046005e-04 7.987247e-03 7.628971e-03 1.537131e-03 3.118252e-04 3.163978e-04 3.859618e-03 4.911222e-03 1.178706e-03 
    30.5                3.882693e-03 0.000000e+00 4.619073e-05 1.238515e-04 8.207041e-03 8.316702e-03 1.943930e-03 7.101003e-05 1.496693e-04 6.198763e-03 8.008690e-03 3.303049e-03 
    31.5                3.100150e-03 0.000000e+00 1.118358e-04 6.080764e-05 7.169456e-03 7.333727e-03 1.983918e-03 1.319264e-04 8.443073e-05 4.766546e-03 6.295694e-03 2.625545e-03 
    32.5                3.659127e-03 0.000000e+00 3.113240e-04 2.466066e-04 7.143011e-03 7.272638e-03 2.214909e-03 3.199036e-04 2.550057e-04 6.428126e-03 7.679418e-03 3.418726e-03 
    33.5                2.870480e-03 0.000000e+00 4.504550e-05 1.130255e-04 6.860947e-03 6.367413e-03 2.018513e-03 6.779270e-05 1.312624e-04 4.981737e-03 6.238875e-03 2.554450e-03 
    34.5                3.089034e-03 0.000000e+00 5.368331e-05 1.404488e-04 6.392852e-03 6.215063e-03 2.192343e-03 8.336547e-05 1.578609e-04 4.730095e-03 6.165382e-03 2.685816e-03 
    35.5                3.292210e-03 0.000000e+00 1.432390e-04 1.333679e-04 6.089437e-03 5.901605e-03 2.270725e-03 1.603080e-04 1.329357e-04 4.954833e-03 6.374450e-03 2.982781e-03 
    36.5                2.305797e-03 0.000000e+00 2.761014e-04 1.559289e-04 5.005312e-03 4.791097e-03 2.327469e-03 2.709952e-04 1.764765e-04 3.865372e-03 4.914332e-03 1.952344e-03 
    37.5                2.938616e-03 0.000000e+00 1.466798e-04 1.370875e-04 5.268947e-03 5.102550e-03 2.532842e-03 1.677092e-04 1.396855e-04 4.129665e-03 5.470341e-03 2.591560e-03 
    38.5                1.333796e-03 0.000000e+00 3.148647e-04 3.540062e-04 3.975712e-03 3.733220e-03 2.865563e-03 3.178244e-04 3.626006e-04 2.587449e-03 3.229033e-03 9.191628e-04 
    39.5                2.005677e-03 0.000000e+00 2.601136e-04 2.254683e-04 3.364904e-03 3.231602e-03 2.806456e-03 2.604969e-04 2.365245e-04 2.842110e-03 3.896429e-03 1.595257e-03 
    40.5                2.146099e-03 0.000000e+00 2.523559e-04 2.877308e-04 3.557060e-03 3.339173e-03 2.874864e-03 2.544001e-04 2.950150e-04 2.944161e-03 4.022075e-03 1.753908e-03 
    41.5                1.000849e-03 0.000000e+00 4.808362e-04 4.566730e-04 3.385138e-03 3.266614e-03 2.601186e-03 4.772896e-04 4.605937e-04 1.424048e-03 1.977979e-03 9.232030e-04 
    42.5                1.343543e-03 0.000000e+00 4.598784e-04 5.011670e-04 2.510953e-03 2.416584e-03 3.418774e-03 4.672830e-04 5.010967e-04 1.845347e-03 2.688023e-03 9.308299e-04 
    43.5                2.350138e-03 0.000000e+00 1.861274e-04 1.909008e-04 2.380877e-03 2.025019e-03 3.398171e-03 1.835559e-04 1.970643e-04 2.618224e-03 3.872724e-03 2.036691e-03 
    44.5                1.652699e-03 0.000000e+00 4.890325e-04 5.397610e-04 2.135279e-03 2.651123e-03 3.936275e-03 4.894278e-04 5.446122e-04 1.620497e-03 2.782572e-03 1.208013e-03 
    45.5                2.662937e-03 0.000000e+00 3.275123e-04 3.450726e-04 1.948395e-03 1.727713e-03 4.008204e-03 3.334375e-04 3.424237e-04 1.970981e-03 3.707745e-03 2.297359e-03 
    46.5                1.431084e-03 0.000000e+00 5.159646e-04 4.173554e-04 1.325336e-03 1.538341e-03 4.401339e-03 5.167116e-04 4.224613e-04 9.878037e-04 2.072128e-03 1.128833e-03 
    47.5                1.585656e-03 0.000000e+00 3.987726e-04 5.454371e-04 1.184200e-03 9.829081e-04 5.056000e-03 3.978089e-04 5.471627e-04 1.266798e-03 2.417117e-03 1.188314e-03 
    48.5                2.501626e-03 0.000000e+00 2.990166e-04 2.760708e-04 1.659824e-03 1.908469e-03 5.005490e-03 3.130343e-04 2.722632e-04 2.031542e-03 3.502346e-03 2.212264e-03 
    49.5                1.578692e-03 0.000000e+00 4.185215e-04 3.757830e-04 1.130483e-03 1.482354e-03 5.356925e-03 4.166370e-04 3.787870e-04 1.156784e-03 2.276550e-03 1.266712e-03 
    50.5                9.190909e-04 0.000000e+00 5.228649e-04 5.926694e-04 1.018930e-03 5.701535e-04 5.382542e-03 5.245037e-04 5.936197e-04 5.893438e-04 1.048475e-03 1.137260e-03 
    51.5                4.476536e-03 0.000000e+00 8.612078e-04 7.976471e-04 8.793111e-04 9.047356e-04 5.568672e-03 8.507753e-04 8.126468e-04 1.930394e-03 4.595583e-03 4.863303e-03 
    52.5                3.232788e-03 0.000000e+00 6.733089e-04 7.847489e-04 9.611698e-04 8.750041e-04 6.117639e-03 6.743221e-04 7.827725e-04 1.204156e-03 3.052265e-03 3.609827e-03 
    53.5                2.662080e-03 0.000000e+00 6.317211e-04 6.193501e-04 9.192038e-04 8.239822e-04 6.443522e-03 6.340127e-04 6.216956e-04 1.086516e-03 2.480698e-03 3.003509e-03 
    54.5                1.971165e-03 0.000000e+00 3.027731e-04 4.127821e-04 1.432438e-03 1.239422e-03 7.142333e-03 3.143532e-04 4.026875e-04 8.767229e-04 2.211853e-03 1.937407e-03 
    55.5                7.064541e-04 0.000000e+00 3.670697e-04 3.760114e-04 1.144234e-03 1.336521e-03 6.836747e-03 3.692303e-04 3.850151e-04 2.727036e-04 9.553994e-04 5.048571e-04 
    56.5                5.883535e-04 0.000000e+00 3.720342e-04 4.076530e-04 1.047630e-03 1.170770e-03 6.596730e-03 3.697469e-04 4.099248e-04 7.214570e-04 6.300770e-04 5.577408e-04 
    57.5                1.931288e-03 0.000000e+00 2.811504e-04 3.461719e-04 1.458495e-03 1.209563e-03 6.438670e-03 2.969132e-04 3.418526e-04 7.733488e-04 2.108352e-03 1.828003e-03 
    58.5                1.494473e-03 0.000000e+00 1.822875e-04 1.606098e-04 1.072988e-03 1.091227e-03 6.043400e-03 1.886889e-04 1.628636e-04 4.782146e-05 1.631888e-03 1.336983e-03 
    59.5                1.356821e-03 0.000000e+00 2.248002e-04 3.168150e-04 1.491081e-03 1.314526e-03 5.391679e-03 2.291675e-04 3.146532e-04 9.240083e-04 1.457440e-03 1.465329e-03 
    60.5                7.252261e-04 0.000000e+00 2.112666e-04 2.079076e-04 1.248282e-03 1.038106e-03 4.851092e-03 2.104530e-04 2.225479e-04 7.147140e-04 7.511134e-04 7.363710e-04 
    61.5                1.712001e-03 0.000000e+00 2.038972e-04 2.886211e-04 1.340621e-03 1.391787e-03 5.037371e-03 2.156526e-04 2.776588e-04 1.087673e-03 1.799502e-03 1.737209e-03 
    62.5                1.446714e-03 0.000000e+00 1.122825e-04 1.236382e-04 1.160944e-03 1.114653e-03 4.733314e-03 1.167250e-04 1.320203e-04 4.256173e-04 1.376206e-03 1.380919e-03 
    63.5                1.440026e-03 0.000000e+00 9.309134e-05 1.262454e-04 1.052595e-03 9.651147e-04 3.560446e-03 1.029617e-04 1.240706e-04 6.727571e-04 1.437508e-03 1.446509e-03 
    64.5                1.798752e-03 0.000000e+00 7.768051e-05 5.824843e-05 9.036377e-04 8.655760e-04 3.140892e-03 7.890832e-05 6.759755e-05 1.824448e-04 1.729661e-03 1.789771e-03 
    65.5                1.815696e-03 0.000000e+00 7.544418e-05 8.669013e-05 7.707274e-04 7.337913e-04 2.640095e-03 7.819048e-05 8.761031e-05 2.822834e-04 1.771646e-03 1.820897e-03 
    66.5                1.208881e-03 0.000000e+00 7.870587e-05 6.303444e-05 5.547349e-04 5.570974e-04 2.127055e-03 7.894484e-05 6.843597e-05 6.102865e-05 1.156279e-03 1.218103e-03 
    67.5                1.450922e-03 0.000000e+00 9.870493e-05 9.051782e-05 4.304905e-04 3.935354e-04 1.582098e-03 9.876658e-05 9.212363e-05 2.080771e-04 1.428411e-03 1.470077e-03 
    68.5                1.303421e-03 0.000000e+00 9.167815e-05 9.022903e-05 3.190199e-04 2.720529e-04 1.125277e-03 9.095743e-05 9.220297e-05 1.999297e-04 1.299240e-03 1.322273e-03 
    69.5                1.416896e-03 0.000000e+00 8.749405e-05 8.333074e-05 1.741724e-04 1.735204e-04 9.328839e-04 8.709029e-05 8.442648e-05 2.124438e-04 1.419944e-03 1.431146e-03 
    70.5                1.039625e-03 0.000000e+00 5.163519e-05 5.051410e-05 8.490095e-05 5.746317e-05 4.805758e-04 5.043306e-05 5.206300e-05 1.397543e-04 1.043378e-03 1.046719e-03 
    71.5                3.645659e-04 0.000000e+00 1.156735e-05 1.147001e-05 1.497609e-05 7.608887e-06 1.150771e-04 1.088331e-05 1.225758e-05 3.362047e-05 3.653072e-04 3.656270e-04 
    72.5                4.341762e-07 0.000000e+00 4.163953e-09 7.404123e-09 3.144154e-09 8.603251e-09 1.785517e-07 4.471018e-09 6.645662e-09 1.832865e-08 4.343684e-07 4.343812e-07 
    73.5                0.000000e+00 0.000000e+00 0.000000e+00 0.000000e+00 0.000000e+00 0.000000e+00 0.000000e+00 0.000000e+00 0.000000e+00 0.000000e+00 0.000000e+00 0.000000e+00 
    74.5                0.000000e+00 0.000000e+00 0.000000e+00 0.000000e+00 0.000000e+00 0.000000e+00 0.000000e+00 0.000000e+00 0.000000e+00 0.000000e+00 0.000000e+00 0.000000e+00 
    75.5                0.000000e+00 0.000000e+00 0.000000e+00 0.000000e+00 0.000000e+00 0.000000e+00 0.000000e+00 0.000000e+00 0.000000e+00 0.000000e+00 0.000000e+00 0.000000e+00 
    76.5                0.000000e+00 0.000000e+00 0.000000e+00 0.000000e+00 0.000000e+00 0.000000e+00 0.000000e+00 0.000000e+00 0.000000e+00 0.000000e+00 0.000000e+00 0.000000e+00 
    77.5                0.000000e+00 0.000000e+00 0.000000e+00 0.000000e+00 0.000000e+00 0.000000e+00 0.000000e+00 0.000000e+00 0.000000e+00 0.000000e+00 0.000000e+00 0.000000e+00 
    78.5                0.000000e+00 0.000000e+00 0.000000e+00 0.000000e+00 0.000000e+00 0.000000e+00 0.000000e+00 0.000000e+00 0.000000e+00 0.000000e+00 0.000000e+00 0.000000e+00 
    79.5                0.000000e+00 0.000000e+00 0.000000e+00 0.000000e+00 0.000000e+00 0.000000e+00 0.000000e+00 0.000000e+00 0.000000e+00 0.000000e+00 0.000000e+00 0.000000e+00 


