# 80 rows of flux data
# 12 columns of flux data
# 
# total cross-sectional flux  2.170296e+00 /m^2/yr
#
#                             +x ram      -x wake      +y port -y starboard    +z zenith     -z nadir        Earth          Sun     anti-Sun      rot (x)      rot (y)      rot (z) 
# average speed (km/s)         43.63        11.58        29.74        29.51        31.51        34.02        34.09        29.63        29.62        31.48        37.13        38.77 
# total flux (#/m2/yr)  1.179439e+00 3.496498e-02 3.210211e-01 3.265623e-01 9.717769e-01 3.848852e-01 4.049630e-01 3.186392e-01 3.289584e-01 1.607635e+00 1.971481e+00 1.523150e+00 
# velocity (km/s)
     0.5                0.000000e+00 0.000000e+00 0.000000e+00 0.000000e+00 0.000000e+00 0.000000e+00 0.000000e+00 0.000000e+00 0.000000e+00 0.000000e+00 0.000000e+00 0.000000e+00 
     1.5                3.760804e-05 3.946212e-05 3.729924e-05 3.533946e-05 2.176305e-05 2.934773e-05 3.685416e-05 3.730227e-05 3.533477e-05 9.895184e-05 1.009923e-04 1.153172e-04 
     2.5                3.084212e-04 1.842994e-04 2.411672e-04 2.166337e-04 1.810336e-04 1.586121e-04 2.500773e-04 2.409209e-04 2.169059e-04 6.195412e-04 6.579931e-04 7.360910e-04 
     3.5                8.721630e-04 4.981828e-04 7.321195e-04 7.245798e-04 5.965346e-04 5.747743e-04 7.596312e-04 7.313726e-04 7.253943e-04 2.045359e-03 1.978679e-03 2.206051e-03 
     4.5                1.443022e-03 1.013890e-03 1.462175e-03 1.444819e-03 1.531227e-03 1.038674e-03 1.466858e-03 1.461325e-03 1.445760e-03 4.263774e-03 3.937188e-03 4.191103e-03 
     5.5                1.979579e-03 1.523235e-03 2.344260e-03 2.359544e-03 2.450619e-03 1.826920e-03 2.335466e-03 2.343342e-03 2.360531e-03 6.996164e-03 6.044296e-03 6.446229e-03 
     6.5                2.878833e-03 1.986047e-03 3.273212e-03 3.350265e-03 3.918445e-03 2.534754e-03 3.257076e-03 3.271442e-03 3.352222e-03 1.016598e-02 8.851919e-03 9.060844e-03 
     7.5                3.236642e-03 2.451812e-03 4.199920e-03 4.361762e-03 5.365735e-03 3.582998e-03 4.147873e-03 4.198343e-03 4.363461e-03 1.360081e-02 1.150144e-02 1.121274e-02 
     8.5                3.656701e-03 2.902316e-03 5.013790e-03 5.055660e-03 6.761675e-03 4.154203e-03 4.914676e-03 5.012184e-03 5.057203e-03 1.632855e-02 1.383397e-02 1.311213e-02 
     9.5                4.436216e-03 3.214707e-03 5.875306e-03 6.121345e-03 8.872603e-03 4.937464e-03 5.764716e-03 5.872698e-03 6.123836e-03 2.014313e-02 1.702026e-02 1.550541e-02 
    10.5                4.729925e-03 3.159338e-03 6.586200e-03 6.767161e-03 1.086966e-02 5.556314e-03 6.424973e-03 6.582960e-03 6.770476e-03 2.327052e-02 1.941251e-02 1.674701e-02 
    11.5                5.673302e-03 2.971430e-03 7.259373e-03 7.496503e-03 1.260751e-02 6.268275e-03 7.154000e-03 7.253732e-03 7.502140e-03 2.623431e-02 2.197249e-02 1.850041e-02 
    12.5                6.002068e-03 2.705911e-03 7.809790e-03 8.018348e-03 1.449982e-02 6.619010e-03 7.671754e-03 7.802920e-03 8.025237e-03 2.893174e-02 2.403103e-02 1.944038e-02 
    13.5                7.105515e-03 2.496657e-03 8.261053e-03 8.557793e-03 1.713374e-02 7.406838e-03 8.186094e-03 8.251498e-03 8.567477e-03 3.260136e-02 2.753152e-02 2.100081e-02 
    14.5                7.442049e-03 2.151771e-03 8.650145e-03 8.852919e-03 1.810605e-02 7.427157e-03 8.578548e-03 8.639057e-03 8.863915e-03 3.381487e-02 2.836278e-02 2.160406e-02 
    15.5                8.035624e-03 1.869610e-03 8.656481e-03 8.999948e-03 1.934647e-02 7.549103e-03 8.632531e-03 8.643731e-03 9.012937e-03 3.514449e-02 2.985273e-02 2.205107e-02 
    16.5                8.745487e-03 1.561503e-03 8.969199e-03 9.239744e-03 2.145098e-02 7.360075e-03 8.907251e-03 8.954172e-03 9.254707e-03 3.714776e-02 3.165468e-02 2.278164e-02 
    17.5                9.078750e-03 1.235482e-03 8.983768e-03 9.275350e-03 2.198415e-02 7.841026e-03 8.989750e-03 8.967458e-03 9.291782e-03 3.808712e-02 3.261766e-02 2.288570e-02 
    18.5                1.028151e-02 9.606005e-04 9.074000e-03 9.273213e-03 2.422342e-02 7.509550e-03 9.091117e-03 9.054405e-03 9.292530e-03 3.976696e-02 3.462867e-02 2.362287e-02 
    19.5                1.073971e-02 7.412063e-04 8.838787e-03 9.256526e-03 2.519155e-02 7.090789e-03 8.864123e-03 8.818353e-03 9.277832e-03 4.009357e-02 3.526715e-02 2.368172e-02 
    20.5                1.182094e-02 5.073482e-04 8.798274e-03 9.051840e-03 2.636485e-02 7.381531e-03 8.915934e-03 8.774697e-03 9.075494e-03 4.116582e-02 3.688923e-02 2.410976e-02 
    21.5                1.270789e-02 3.277138e-04 8.788155e-03 9.063248e-03 2.693266e-02 7.105912e-03 8.963997e-03 8.762344e-03 9.089122e-03 4.141525e-02 3.743414e-02 2.453304e-02 
    22.5                1.338661e-02 2.010285e-04 8.600051e-03 8.843139e-03 2.770466e-02 7.011254e-03 8.785984e-03 8.572685e-03 8.870820e-03 4.173700e-02 3.823840e-02 2.457601e-02 
    23.5                1.535414e-02 1.108838e-04 8.404850e-03 8.625649e-03 2.974173e-02 7.079925e-03 8.722507e-03 8.373143e-03 8.657580e-03 4.339329e-02 4.089917e-02 2.578882e-02 
    24.5                1.433717e-02 6.524445e-05 8.062743e-03 8.259484e-03 2.708484e-02 6.978609e-03 8.389362e-03 8.033164e-03 8.289489e-03 4.034836e-02 3.782593e-02 2.408091e-02 
    25.5                1.635548e-02 4.358699e-05 7.825743e-03 8.028314e-03 2.960337e-02 6.637982e-03 8.239100e-03 7.791746e-03 8.062417e-03 4.216457e-02 4.072253e-02 2.531892e-02 
    26.5                1.671618e-02 2.479484e-05 7.598261e-03 7.848702e-03 2.883583e-02 7.253301e-03 8.095373e-03 7.563561e-03 7.883685e-03 4.164719e-02 4.058495e-02 2.509375e-02 
    27.5                1.786220e-02 1.267347e-05 7.441792e-03 7.642843e-03 2.950231e-02 7.095065e-03 8.018750e-03 7.404582e-03 7.680152e-03 4.185783e-02 4.150651e-02 2.569805e-02 
    28.5                1.785976e-02 3.938605e-06 7.087173e-03 7.167479e-03 2.744947e-02 7.408174e-03 7.805394e-03 7.049765e-03 7.204616e-03 3.972988e-02 3.988818e-02 2.495122e-02 
    29.5                1.818464e-02 3.027086e-07 6.628066e-03 6.924253e-03 2.768975e-02 6.725019e-03 7.291953e-03 6.590553e-03 6.962656e-03 3.889959e-02 3.961889e-02 2.466434e-02 
    30.5                2.041752e-02 0.000000e+00 6.558010e-03 6.708328e-03 2.875598e-02 7.370103e-03 7.423762e-03 6.515435e-03 6.750994e-03 4.029122e-02 4.221654e-02 2.634102e-02 
    31.5                1.884599e-02 0.000000e+00 6.108051e-03 6.220089e-03 2.580879e-02 6.289051e-03 6.901001e-03 6.068873e-03 6.259591e-03 3.598024e-02 3.782826e-02 2.424187e-02 
    32.5                2.061187e-02 0.000000e+00 6.106852e-03 6.204445e-03 2.531305e-02 7.805806e-03 7.207363e-03 6.063780e-03 6.247426e-03 3.686791e-02 3.967940e-02 2.566621e-02 
    33.5                1.994675e-02 0.000000e+00 5.594543e-03 5.719314e-03 2.432161e-02 7.294457e-03 6.641168e-03 5.552858e-03 5.760904e-03 3.495793e-02 3.796443e-02 2.444399e-02 
    34.5                2.013017e-02 0.000000e+00 5.178712e-03 5.301491e-03 2.338774e-02 6.921623e-03 6.275772e-03 5.137202e-03 5.344022e-03 3.336894e-02 3.701293e-02 2.412522e-02 
    35.5                1.933244e-02 0.000000e+00 4.943180e-03 4.991984e-03 2.204785e-02 6.220362e-03 5.967192e-03 4.902646e-03 5.032161e-03 3.112841e-02 3.469720e-02 2.299263e-02 
    36.5                2.051485e-02 0.000000e+00 4.805198e-03 4.834122e-03 2.022349e-02 8.218058e-03 6.177015e-03 4.762116e-03 4.876687e-03 3.107188e-02 3.557014e-02 2.383568e-02 
    37.5                2.024525e-02 0.000000e+00 4.496990e-03 4.546605e-03 2.034032e-02 6.712225e-03 5.710990e-03 4.454792e-03 4.588929e-03 2.951072e-02 3.422885e-02 2.325053e-02 
    38.5                2.043495e-02 0.000000e+00 4.284901e-03 4.410476e-03 1.804093e-02 7.528090e-03 5.669707e-03 4.242756e-03 4.453645e-03 2.789123e-02 3.320258e-02 2.318766e-02 
    39.5                1.989639e-02 0.000000e+00 4.115391e-03 4.196183e-03 1.629020e-02 8.104094e-03 5.567777e-03 4.074121e-03 4.237979e-03 2.662352e-02 3.192564e-02 2.241789e-02 
    40.5                2.027770e-02 0.000000e+00 3.866122e-03 3.889880e-03 1.636599e-02 7.825592e-03 5.382952e-03 3.823747e-03 3.932163e-03 2.621322e-02 3.196988e-02 2.254201e-02 
    41.5                1.972805e-02 0.000000e+00 3.587376e-03 3.603390e-03 1.528852e-02 6.567688e-03 5.043320e-03 3.546512e-03 3.644891e-03 2.366926e-02 3.001326e-02 2.170843e-02 
    42.5                2.164398e-02 0.000000e+00 3.568116e-03 3.598136e-03 1.435930e-02 8.060550e-03 5.390007e-03 3.522853e-03 3.643235e-03 2.421967e-02 3.158373e-02 2.349377e-02 
    43.5                2.178852e-02 0.000000e+00 3.491780e-03 3.509246e-03 1.293679e-02 8.688630e-03 5.398789e-03 3.446587e-03 3.555019e-03 2.337637e-02 3.116768e-02 2.352861e-02 
    44.5                2.537235e-02 0.000000e+00 3.563639e-03 3.518510e-03 1.352192e-02 8.166006e-03 5.876920e-03 3.510221e-03 3.571021e-03 2.348132e-02 3.413727e-02 2.702036e-02 
    45.5                2.588528e-02 0.000000e+00 3.525743e-03 3.481514e-03 1.264854e-02 9.361097e-03 6.024784e-03 3.474267e-03 3.538108e-03 2.379676e-02 3.447991e-02 2.746984e-02 
    46.5                2.309775e-02 0.000000e+00 3.330513e-03 3.381417e-03 1.152380e-02 7.919949e-03 5.404416e-03 3.282481e-03 3.429816e-03 2.117423e-02 3.061082e-02 2.459553e-02 
    47.5                2.589527e-02 0.000000e+00 3.465383e-03 3.453177e-03 1.079128e-02 9.337758e-03 5.943170e-03 3.411454e-03 3.507359e-03 2.187153e-02 3.329382e-02 2.732564e-02 
    48.5                2.691179e-02 0.000000e+00 3.373115e-03 3.396510e-03 1.153730e-02 8.397295e-03 5.907682e-03 3.317299e-03 3.453050e-03 2.171942e-02 3.402774e-02 2.826500e-02 
    49.5                2.812275e-02 0.000000e+00 3.582043e-03 3.486603e-03 1.096718e-02 8.494889e-03 6.228036e-03 3.522918e-03 3.544889e-03 2.135545e-02 3.472011e-02 2.947279e-02 
    50.5                3.101840e-02 0.000000e+00 3.492591e-03 3.484365e-03 1.094260e-02 9.037307e-03 6.617819e-03 3.427781e-03 3.549055e-03 2.188022e-02 3.757863e-02 3.227627e-02 
    51.5                2.936223e-02 0.000000e+00 3.533210e-03 3.477849e-03 9.846383e-03 8.189832e-03 6.346944e-03 3.472032e-03 3.539257e-03 2.000800e-02 3.498839e-02 3.062156e-02 
    52.5                3.085182e-02 0.000000e+00 3.379804e-03 3.290540e-03 9.918304e-03 7.264822e-03 6.453402e-03 3.314835e-03 3.354377e-03 1.912088e-02 3.601372e-02 3.201635e-02 
    53.5                3.234994e-02 0.000000e+00 3.454994e-03 3.435147e-03 9.578987e-03 6.986870e-03 6.654794e-03 3.387461e-03 3.502673e-03 1.869828e-02 3.714195e-02 3.351298e-02 
    54.5                3.642430e-02 0.000000e+00 3.853214e-03 3.772238e-03 1.014780e-02 6.498226e-03 7.363914e-03 3.776983e-03 3.848077e-03 1.919354e-02 4.094693e-02 3.764131e-02 
    55.5                3.535384e-02 0.000000e+00 3.445536e-03 3.453051e-03 9.321043e-03 5.704685e-03 6.945497e-03 3.372414e-03 3.527529e-03 1.739173e-02 3.928407e-02 3.642521e-02 
    56.5                3.519176e-02 0.000000e+00 3.485219e-03 3.318495e-03 8.578693e-03 5.179770e-03 7.029927e-03 3.411051e-03 3.391252e-03 1.620222e-02 3.861014e-02 3.622731e-02 
    57.5                3.553289e-02 0.000000e+00 3.313598e-03 3.292869e-03 8.412492e-03 4.816197e-03 6.867187e-03 3.239863e-03 3.367483e-03 1.576995e-02 3.876322e-02 3.650193e-02 
    58.5                3.130981e-02 0.000000e+00 3.139192e-03 3.083298e-03 7.332664e-03 4.278585e-03 6.163421e-03 3.073744e-03 3.148567e-03 1.417172e-02 3.407808e-02 3.221397e-02 
    59.5                2.962362e-02 0.000000e+00 2.928161e-03 2.913799e-03 7.243144e-03 3.064388e-03 5.651023e-03 2.866596e-03 2.975912e-03 1.277249e-02 3.195129e-02 3.045549e-02 
    60.5                2.688493e-02 0.000000e+00 2.581330e-03 2.546902e-03 6.044120e-03 2.801980e-03 5.145385e-03 2.525550e-03 2.603365e-03 1.105166e-02 2.879390e-02 2.759738e-02 
    61.5                2.522083e-02 0.000000e+00 2.364030e-03 2.301026e-03 5.324147e-03 1.813661e-03 4.803770e-03 2.311089e-03 2.353381e-03 9.275007e-03 2.662579e-02 2.585946e-02 
    62.5                2.314602e-02 0.000000e+00 2.012245e-03 1.975278e-03 4.699348e-03 1.455756e-03 4.329003e-03 1.964311e-03 2.023978e-03 8.057251e-03 2.429916e-02 2.368097e-02 
    63.5                2.035212e-02 0.000000e+00 1.777279e-03 1.765174e-03 3.714429e-03 9.279577e-04 3.800991e-03 1.735049e-03 1.807913e-03 6.426292e-03 2.116182e-02 2.081902e-02 
    64.5                1.712639e-02 0.000000e+00 1.517926e-03 1.488917e-03 3.055479e-03 6.574424e-04 3.192795e-03 1.482198e-03 1.524691e-03 5.281808e-03 1.773039e-02 1.751064e-02 
    65.5                1.446042e-02 0.000000e+00 1.161215e-03 1.144027e-03 2.448950e-03 3.457372e-04 2.642078e-03 1.131239e-03 1.174422e-03 4.022680e-03 1.486548e-02 1.474762e-02 
    66.5                1.083192e-02 0.000000e+00 9.179233e-04 9.034387e-04 1.676647e-03 2.130078e-04 1.984437e-03 8.954442e-04 9.261822e-04 2.924464e-03 1.108749e-02 1.104942e-02 
    67.5                8.772354e-03 0.000000e+00 6.713002e-04 6.596363e-04 1.283745e-03 8.478565e-05 1.565973e-03 6.531130e-04 6.780732e-04 2.132218e-03 8.934265e-03 8.921453e-03 
    68.5                6.710179e-03 0.000000e+00 4.657854e-04 4.699673e-04 9.344204e-04 5.325503e-05 1.160740e-03 4.519606e-04 4.841570e-04 1.535434e-03 6.815127e-03 6.806868e-03 
    69.5                4.591907e-03 0.000000e+00 2.977011e-04 2.937224e-04 5.062458e-04 3.368900e-05 7.837188e-04 2.881727e-04 3.033650e-04 8.935883e-04 4.639458e-03 4.644591e-03 
    70.5                2.995162e-03 0.000000e+00 1.489344e-04 1.476837e-04 2.347514e-04 3.577365e-05 4.974049e-04 1.427647e-04 1.540186e-04 4.499131e-04 3.013534e-03 3.016115e-03 
    71.5                9.602325e-04 0.000000e+00 3.108370e-05 3.107269e-05 3.945406e-05 1.551626e-05 1.592359e-04 2.912583e-05 3.312374e-05 9.250072e-05 9.625471e-04 9.631857e-04 
    72.5                1.563283e-08 0.000000e+00 0.000000e+00 4.544423e-10 0.000000e+00 7.283832e-11 2.180292e-09 0.000000e+00 5.197045e-10 4.614639e-10 1.563304e-08 1.563944e-08 
    73.5                0.000000e+00 0.000000e+00 0.000000e+00 0.000000e+00 0.000000e+00 0.000000e+00 0.000000e+00 0.000000e+00 0.000000e+00 0.000000e+00 0.000000e+00 0.000000e+00 
    74.5                0.000000e+00 0.000000e+00 0.000000e+00 0.000000e+00 0.000000e+00 0.000000e+00 0.000000e+00 0.000000e+00 0.000000e+00 0.000000e+00 0.000000e+00 0.000000e+00 
    75.5                0.000000e+00 0.000000e+00 0.000000e+00 0.000000e+00 0.000000e+00 0.000000e+00 0.000000e+00 0.000000e+00 0.000000e+00 0.000000e+00 0.000000e+00 0.000000e+00 
    76.5                0.000000e+00 0.000000e+00 0.000000e+00 0.000000e+00 0.000000e+00 0.000000e+00 0.000000e+00 0.000000e+00 0.000000e+00 0.000000e+00 0.000000e+00 0.000000e+00 
    77.5                0.000000e+00 0.000000e+00 0.000000e+00 0.000000e+00 0.000000e+00 0.000000e+00 0.000000e+00 0.000000e+00 0.000000e+00 0.000000e+00 0.000000e+00 0.000000e+00 
    78.5                0.000000e+00 0.000000e+00 0.000000e+00 0.000000e+00 0.000000e+00 0.000000e+00 0.000000e+00 0.000000e+00 0.000000e+00 0.000000e+00 0.000000e+00 0.000000e+00 
    79.5                0.000000e+00 0.000000e+00 0.000000e+00 0.000000e+00 0.000000e+00 0.000000e+00 0.000000e+00 0.000000e+00 0.000000e+00 0.000000e+00 0.000000e+00 0.000000e+00 


