# 80 rows of flux data
# 12 columns of flux data
# 
# total cross-sectional flux  1.998286e+00 /m^2/yr
#
#                             +x ram      -x wake      +y port -y starboard    +z zenith     -z nadir        Earth          Sun     anti-Sun      rot (x)      rot (y)      rot (z) 
# average speed (km/s)         43.54        11.43        29.23        29.19        31.42        31.44        26.14        29.18        29.24        30.55        36.52        37.39 
# total flux (#/m2/yr)  1.050535e+00 4.146833e-02 3.739838e-01 3.774257e-01 5.816472e-01 5.766386e-01 2.898700e-01 3.727721e-01 3.786473e-01 1.499017e+00 1.729917e+00 1.481398e+00 
# velocity (km/s)
     0.5                0.000000e+00 0.000000e+00 0.000000e+00 0.000000e+00 0.000000e+00 0.000000e+00 0.000000e+00 0.000000e+00 0.000000e+00 0.000000e+00 0.000000e+00 0.000000e+00 
     1.5                5.017564e-05 4.899812e-05 5.085617e-05 4.571179e-05 3.364394e-05 3.772837e-05 5.246603e-05 5.085520e-05 4.571366e-05 1.315519e-04 1.323995e-04 1.490347e-04 
     2.5                3.783680e-04 2.663452e-04 3.177970e-04 3.308277e-04 2.877131e-04 2.777565e-04 3.274566e-04 3.176562e-04 3.309571e-04 9.567800e-04 9.268232e-04 1.000098e-03 
     3.5                1.078313e-03 6.806792e-04 9.101945e-04 8.921612e-04 7.992774e-04 7.986281e-04 9.149530e-04 9.096406e-04 8.925662e-04 2.675311e-03 2.606061e-03 2.757641e-03 
     4.5                2.004976e-03 1.244506e-03 1.835935e-03 1.848907e-03 1.677306e-03 1.652948e-03 1.850767e-03 1.835018e-03 1.849825e-03 5.515636e-03 5.127031e-03 5.428758e-03 
     5.5                2.655071e-03 1.698426e-03 2.852798e-03 2.895177e-03 2.760313e-03 2.742885e-03 2.844109e-03 2.851655e-03 2.896341e-03 8.842915e-03 7.679890e-03 7.949729e-03 
     6.5                3.288395e-03 2.658459e-03 4.043609e-03 4.025757e-03 3.997656e-03 4.026348e-03 4.041158e-03 4.042832e-03 4.026500e-03 1.266065e-02 1.095672e-02 1.102231e-02 
     7.5                3.819099e-03 3.114438e-03 5.080538e-03 5.120698e-03 5.370480e-03 5.301656e-03 5.065233e-03 5.079759e-03 5.121618e-03 1.642791e-02 1.389829e-02 1.359230e-02 
     8.5                4.389517e-03 3.699260e-03 6.216382e-03 6.223455e-03 6.667837e-03 6.757010e-03 6.147712e-03 6.215568e-03 6.224305e-03 2.034527e-02 1.703462e-02 1.631287e-02 
     9.5                5.001196e-03 3.832407e-03 7.074267e-03 7.196878e-03 8.056417e-03 7.885999e-03 6.944737e-03 7.072796e-03 7.198225e-03 2.376885e-02 1.963598e-02 1.834138e-02 
    10.5                5.729507e-03 3.737649e-03 8.256130e-03 8.235354e-03 9.509046e-03 9.618405e-03 7.934198e-03 8.253757e-03 8.237783e-03 2.800415e-02 2.275618e-02 2.060231e-02 
    11.5                6.679984e-03 3.419799e-03 9.136430e-03 9.239538e-03 1.084657e-02 1.075689e-02 8.789472e-03 9.132430e-03 9.243399e-03 3.147048e-02 2.534440e-02 2.271790e-02 
    12.5                7.152679e-03 3.147711e-03 9.810984e-03 9.949364e-03 1.217576e-02 1.196515e-02 9.293177e-03 9.806245e-03 9.954282e-03 3.451780e-02 2.757942e-02 2.398168e-02 
    13.5                7.258533e-03 2.836370e-03 1.009699e-02 1.022909e-02 1.271939e-02 1.253563e-02 9.500532e-03 1.009174e-02 1.023450e-02 3.585719e-02 2.854229e-02 2.438537e-02 
    14.5                8.139723e-03 2.303864e-03 1.051218e-02 1.054188e-02 1.345362e-02 1.358275e-02 9.729197e-03 1.050513e-02 1.054890e-02 3.782866e-02 3.033087e-02 2.533755e-02 
    15.5                8.477663e-03 2.019836e-03 1.070761e-02 1.080196e-02 1.410097e-02 1.402023e-02 9.857753e-03 1.069976e-02 1.080968e-02 3.904500e-02 3.137546e-02 2.583717e-02 
    16.5                9.060113e-03 1.820401e-03 1.112940e-02 1.133605e-02 1.528150e-02 1.495606e-02 1.006479e-02 1.112085e-02 1.134495e-02 4.140743e-02 3.333835e-02 2.687885e-02 
    17.5                1.023754e-02 1.458341e-03 1.118842e-02 1.129373e-02 1.543934e-02 1.534435e-02 9.944940e-03 1.117778e-02 1.130426e-02 4.181545e-02 3.418242e-02 2.743552e-02 
    18.5                1.034980e-02 1.077157e-03 1.127574e-02 1.133471e-02 1.584333e-02 1.584764e-02 9.907450e-03 1.126451e-02 1.134584e-02 4.262995e-02 3.489433e-02 2.738781e-02 
    19.5                1.090654e-02 7.887897e-04 1.091191e-02 1.123593e-02 1.587869e-02 1.528942e-02 9.638785e-03 1.089997e-02 1.124839e-02 4.190824e-02 3.447119e-02 2.714159e-02 
    20.5                1.123447e-02 5.924474e-04 1.059193e-02 1.071476e-02 1.554633e-02 1.545595e-02 9.128290e-03 1.057922e-02 1.072771e-02 4.107839e-02 3.429067e-02 2.647262e-02 
    21.5                1.197388e-02 4.203176e-04 1.075976e-02 1.063568e-02 1.543953e-02 1.579574e-02 9.170015e-03 1.074549e-02 1.064928e-02 4.133172e-02 3.482864e-02 2.698752e-02 
    22.5                1.251977e-02 2.439791e-04 1.031388e-02 1.066304e-02 1.603315e-02 1.544833e-02 8.737332e-03 1.029948e-02 1.067824e-02 4.119315e-02 3.510000e-02 2.676498e-02 
    23.5                1.193847e-02 1.418553e-04 9.696793e-03 9.801935e-03 1.480390e-02 1.459754e-02 8.098335e-03 9.682655e-03 9.816244e-03 3.836652e-02 3.277649e-02 2.492843e-02 
    24.5                1.291344e-02 9.777808e-05 9.456872e-03 9.487774e-03 1.457810e-02 1.463875e-02 7.733921e-03 9.441395e-03 9.503202e-03 3.777339e-02 3.301150e-02 2.504744e-02 
    25.5                1.258226e-02 6.097421e-05 8.768069e-03 9.040556e-03 1.403230e-02 1.343668e-02 7.182788e-03 8.753251e-03 9.055933e-03 3.550533e-02 3.111004e-02 2.365945e-02 
    26.5                1.377857e-02 3.415257e-05 8.743883e-03 8.889484e-03 1.398851e-02 1.380923e-02 6.994384e-03 8.727466e-03 8.906212e-03 3.562990e-02 3.200237e-02 2.429154e-02 
    27.5                1.278728e-02 1.757085e-05 8.009108e-03 8.010272e-03 1.252056e-02 1.258127e-02 6.410826e-03 7.993454e-03 8.025413e-03 3.225212e-02 2.896446e-02 2.212974e-02 
    28.5                1.376214e-02 5.449687e-06 7.714911e-03 7.752451e-03 1.262480e-02 1.265286e-02 5.973103e-03 7.698264e-03 7.768978e-03 3.195011e-02 2.960116e-02 2.239073e-02 
    29.5                1.398678e-02 3.744295e-07 7.128275e-03 7.379102e-03 1.244201e-02 1.192798e-02 5.407711e-03 7.111854e-03 7.396408e-03 3.044649e-02 2.886325e-02 2.171773e-02 
    30.5                1.316790e-02 0.000000e+00 6.679034e-03 6.817643e-03 1.151321e-02 1.129957e-02 5.077039e-03 6.663292e-03 6.833655e-03 2.845981e-02 2.701170e-02 2.023367e-02 
    31.5                1.327301e-02 0.000000e+00 6.276586e-03 6.272427e-03 1.079282e-02 1.081685e-02 4.644506e-03 6.260495e-03 6.288345e-03 2.679553e-02 2.592965e-02 1.957214e-02 
    32.5                1.327767e-02 0.000000e+00 5.355113e-03 5.528322e-03 9.459842e-03 9.185369e-03 4.019668e-03 5.339271e-03 5.544498e-03 2.320352e-02 2.385725e-02 1.862734e-02 
    33.5                1.364892e-02 0.000000e+00 5.543325e-03 5.448922e-03 9.721125e-03 9.893515e-03 3.929068e-03 5.526789e-03 5.465302e-03 2.399524e-02 2.443706e-02 1.870481e-02 
    34.5                1.387767e-02 0.000000e+00 5.239169e-03 5.517165e-03 9.994338e-03 9.498761e-03 3.711222e-03 5.222901e-03 5.534363e-03 2.372366e-02 2.446001e-02 1.867632e-02 
    35.5                1.233226e-02 0.000000e+00 4.678316e-03 4.770299e-03 8.372699e-03 8.139992e-03 3.382174e-03 4.663457e-03 4.785179e-03 2.036024e-02 2.106046e-02 1.649839e-02 
    36.5                1.638856e-02 0.000000e+00 5.466999e-03 5.110555e-03 9.567363e-03 1.039952e-02 3.445786e-03 5.446111e-03 5.129189e-03 2.385818e-02 2.634154e-02 2.051167e-02 
    37.5                1.401544e-02 0.000000e+00 4.396823e-03 4.743542e-03 8.914490e-03 8.211946e-03 2.965070e-03 4.381116e-03 4.761631e-03 2.056317e-02 2.256334e-02 1.762693e-02 
    38.5                1.723359e-02 0.000000e+00 4.891176e-03 5.032821e-03 9.676922e-03 9.366802e-03 3.077934e-03 4.870755e-03 5.053958e-03 2.264451e-02 2.619701e-02 2.084375e-02 
    39.5                1.593614e-02 0.000000e+00 4.599857e-03 4.489470e-03 8.526782e-03 8.758256e-03 2.918114e-03 4.580274e-03 4.508318e-03 2.065391e-02 2.397532e-02 1.921572e-02 
    40.5                1.628539e-02 0.000000e+00 4.445720e-03 4.543029e-03 8.800628e-03 8.596999e-03 2.704378e-03 4.426409e-03 4.562990e-03 2.058647e-02 2.429524e-02 1.937747e-02 
    41.5                1.970177e-02 0.000000e+00 4.723483e-03 4.558106e-03 8.863569e-03 9.260399e-03 2.722288e-03 4.699256e-03 4.581390e-03 2.138689e-02 2.741595e-02 2.265716e-02 
    42.5                1.835243e-02 0.000000e+00 4.244796e-03 4.441270e-03 8.547221e-03 8.093205e-03 2.606295e-03 4.223098e-03 4.463829e-03 1.984307e-02 2.529312e-02 2.107235e-02 
    43.5                1.710677e-02 0.000000e+00 3.937896e-03 3.896001e-03 7.493871e-03 7.657318e-03 2.315847e-03 3.917238e-03 3.916596e-03 1.796674e-02 2.327808e-02 1.949557e-02 
    44.5                2.245215e-02 0.000000e+00 4.591213e-03 4.713602e-03 9.086522e-03 8.739584e-03 2.783294e-03 4.564548e-03 4.741080e-03 2.127049e-02 2.930521e-02 2.511055e-02 
    45.5                1.921666e-02 0.000000e+00 4.052778e-03 4.081781e-03 7.978176e-03 7.966576e-03 2.391228e-03 4.029692e-03 4.105037e-03 1.888617e-02 2.538753e-02 2.154401e-02 
    46.5                2.249548e-02 0.000000e+00 4.409771e-03 4.208100e-03 8.217481e-03 8.593700e-03 2.407758e-03 4.381921e-03 4.234498e-03 1.986890e-02 2.860397e-02 2.477140e-02 
    47.5                2.360802e-02 0.000000e+00 4.179864e-03 4.416618e-03 8.427097e-03 7.910178e-03 2.446540e-03 4.152411e-03 4.446095e-03 1.955768e-02 2.930804e-02 2.582936e-02 
    48.5                2.182602e-02 0.000000e+00 3.827886e-03 3.823216e-03 7.249021e-03 7.231135e-03 2.290792e-03 3.801680e-03 3.849643e-03 1.742710e-02 2.678319e-02 2.379594e-02 
    49.5                2.652596e-02 0.000000e+00 4.515234e-03 4.339375e-03 8.173176e-03 8.596767e-03 2.507581e-03 4.482433e-03 4.370542e-03 2.008628e-02 3.197803e-02 2.862573e-02 
    50.5                3.054943e-02 0.000000e+00 4.471974e-03 4.590521e-03 8.707937e-03 8.413873e-03 2.483365e-03 4.435671e-03 4.627888e-03 2.055892e-02 3.567706e-02 3.256560e-02 
    51.5                4.014026e-02 0.000000e+00 5.495817e-03 5.326880e-03 1.008017e-02 1.037179e-02 2.745404e-03 5.447082e-03 5.374945e-03 2.444375e-02 4.592323e-02 4.233904e-02 
    52.5                3.683610e-02 0.000000e+00 4.743955e-03 4.874177e-03 8.987160e-03 8.661145e-03 2.498887e-03 4.700161e-03 4.919214e-03 2.137574e-02 4.155223e-02 3.875464e-02 
    53.5                3.789793e-02 0.000000e+00 4.765247e-03 4.681571e-03 8.385693e-03 8.617854e-03 2.528282e-03 4.719241e-03 4.726957e-03 2.077857e-02 4.226034e-02 3.973818e-02 
    54.5                3.281748e-02 0.000000e+00 4.127790e-03 4.143345e-03 7.236854e-03 7.182911e-03 2.387807e-03 4.088478e-03 4.183173e-03 1.792985e-02 3.648067e-02 3.447082e-02 
    55.5                3.489209e-02 0.000000e+00 4.209842e-03 4.232929e-03 7.302442e-03 7.203621e-03 2.373905e-03 4.168052e-03 4.275282e-03 1.810370e-02 3.836246e-02 3.648422e-02 
    56.5                3.541838e-02 0.000000e+00 4.267762e-03 4.222086e-03 7.097346e-03 7.226346e-03 2.341370e-03 4.225069e-03 4.264804e-03 1.797364e-02 3.879262e-02 3.696156e-02 
    57.5                3.028183e-02 0.000000e+00 3.601057e-03 3.729376e-03 6.193803e-03 5.838335e-03 2.081007e-03 3.565229e-03 3.766572e-03 1.526204e-02 3.302344e-02 3.160968e-02 
    58.5                2.875439e-02 0.000000e+00 3.482362e-03 3.400968e-03 5.458689e-03 5.644036e-03 1.936468e-03 3.447211e-03 3.435158e-03 1.414909e-02 3.121969e-02 2.997037e-02 
    59.5                2.857504e-02 0.000000e+00 3.187846e-03 3.203313e-03 5.207185e-03 5.172557e-03 1.762214e-03 3.153659e-03 3.238035e-03 1.322211e-02 3.074092e-02 2.966049e-02 
    60.5                2.708362e-02 0.000000e+00 2.945289e-03 2.995504e-03 4.878815e-03 4.756801e-03 1.571668e-03 2.912904e-03 3.028432e-03 1.224165e-02 2.904456e-02 2.805287e-02 
    61.5                2.245557e-02 0.000000e+00 2.453088e-03 2.430246e-03 3.868287e-03 3.884476e-03 1.296278e-03 2.426109e-03 2.457420e-03 9.931797e-03 2.398167e-02 2.323413e-02 
    62.5                2.104720e-02 0.000000e+00 2.167505e-03 2.182926e-03 3.378448e-03 3.346820e-03 1.143243e-03 2.142165e-03 2.208341e-03 8.688176e-03 2.229323e-02 2.170878e-02 
    63.5                1.661848e-02 0.000000e+00 1.690099e-03 1.732663e-03 2.704176e-03 2.598597e-03 8.910258e-04 1.670488e-03 1.753127e-03 6.847973e-03 1.758139e-02 1.712505e-02 
    64.5                1.326557e-02 0.000000e+00 1.300911e-03 1.326504e-03 2.039660e-03 1.986167e-03 6.803011e-04 1.285089e-03 1.342672e-03 5.232914e-03 1.395637e-02 1.364091e-02 
    65.5                9.898116e-03 0.000000e+00 9.575173e-04 9.310704e-04 1.412581e-03 1.458236e-03 4.851349e-04 9.454509e-04 9.428736e-04 3.742828e-03 1.037023e-02 1.015599e-02 
    66.5                8.655973e-03 0.000000e+00 7.167299e-04 7.486070e-04 1.180720e-03 1.112578e-03 3.301647e-04 7.065524e-04 7.593034e-04 2.944799e-03 9.002713e-03 8.834049e-03 
    67.5                5.097335e-03 0.000000e+00 4.067631e-04 4.160284e-04 6.677115e-04 6.453323e-04 1.805603e-04 4.006817e-04 4.222393e-04 1.678127e-03 5.283433e-03 5.191865e-03 
    68.5                3.411594e-03 0.000000e+00 2.375144e-04 2.384037e-04 3.880515e-04 3.850837e-04 8.823781e-05 2.334068e-04 2.425232e-04 9.790902e-04 3.508320e-03 3.458827e-03 
    69.5                1.516267e-03 0.000000e+00 8.642319e-05 9.179454e-05 1.523633e-04 1.404724e-04 2.788361e-05 8.465402e-05 9.368186e-05 3.705358e-04 1.547443e-03 1.531557e-03 
    70.5                4.282290e-04 0.000000e+00 2.048460e-05 2.104094e-05 3.320284e-05 3.202891e-05 4.547544e-06 1.997428e-05 2.156329e-05 8.389472e-05 4.338178e-04 4.310316e-04 
    71.5                3.772275e-05 0.000000e+00 1.156909e-06 1.259031e-06 1.452445e-06 1.218539e-06 9.456383e-08 1.113906e-06 1.306997e-06 3.981932e-06 3.785145e-05 3.782965e-05 
    72.5                0.000000e+00 0.000000e+00 0.000000e+00 0.000000e+00 0.000000e+00 0.000000e+00 0.000000e+00 0.000000e+00 0.000000e+00 0.000000e+00 0.000000e+00 0.000000e+00 
    73.5                0.000000e+00 0.000000e+00 0.000000e+00 0.000000e+00 0.000000e+00 0.000000e+00 0.000000e+00 0.000000e+00 0.000000e+00 0.000000e+00 0.000000e+00 0.000000e+00 
    74.5                0.000000e+00 0.000000e+00 0.000000e+00 0.000000e+00 0.000000e+00 0.000000e+00 0.000000e+00 0.000000e+00 0.000000e+00 0.000000e+00 0.000000e+00 0.000000e+00 
    75.5                0.000000e+00 0.000000e+00 0.000000e+00 0.000000e+00 0.000000e+00 0.000000e+00 0.000000e+00 0.000000e+00 0.000000e+00 0.000000e+00 0.000000e+00 0.000000e+00 
    76.5                0.000000e+00 0.000000e+00 0.000000e+00 0.000000e+00 0.000000e+00 0.000000e+00 0.000000e+00 0.000000e+00 0.000000e+00 0.000000e+00 0.000000e+00 0.000000e+00 
    77.5                0.000000e+00 0.000000e+00 0.000000e+00 0.000000e+00 0.000000e+00 0.000000e+00 0.000000e+00 0.000000e+00 0.000000e+00 0.000000e+00 0.000000e+00 0.000000e+00 
    78.5                0.000000e+00 0.000000e+00 0.000000e+00 0.000000e+00 0.000000e+00 0.000000e+00 0.000000e+00 0.000000e+00 0.000000e+00 0.000000e+00 0.000000e+00 0.000000e+00 
    79.5                0.000000e+00 0.000000e+00 0.000000e+00 0.000000e+00 0.000000e+00 0.000000e+00 0.000000e+00 0.000000e+00 0.000000e+00 0.000000e+00 0.000000e+00 0.000000e+00 


