# 80 rows of flux data
# 12 columns of flux data
# 
# total cross-sectional flux  4.167573e+00 /m^2/yr
#
#                             +x ram      -x wake      +y port -y starboard    +z zenith     -z nadir        Earth          Sun     anti-Sun      rot (x)      rot (y)      rot (z) 
# average speed (km/s)         25.66        13.46        24.61        24.50        23.67        23.48        24.55        24.62        24.50        24.17        23.30        24.15 
# total flux (#/m2/yr)  1.019411e+00 2.136050e-01 1.693334e+00 1.667987e+00 8.012455e-01 8.156210e-01 1.753305e+00 1.695282e+00 1.666056e+00 3.860806e+00 2.195553e+00 3.722239e+00 
# velocity (km/s)
     0.5                0.000000e+00 0.000000e+00 0.000000e+00 0.000000e+00 0.000000e+00 0.000000e+00 0.000000e+00 0.000000e+00 0.000000e+00 0.000000e+00 0.000000e+00 0.000000e+00 
     1.5                0.000000e+00 0.000000e+00 0.000000e+00 0.000000e+00 0.000000e+00 0.000000e+00 0.000000e+00 0.000000e+00 0.000000e+00 0.000000e+00 0.000000e+00 0.000000e+00 
     2.5                9.918869e-05 0.000000e+00 1.345562e-05 8.252300e-06 3.231135e-06 6.182269e-06 9.123383e-06 1.369447e-05 8.013585e-06 2.417611e-05 9.968343e-05 1.016637e-04 
     3.5                4.582211e-04 3.777959e-05 8.619950e-05 1.335924e-04 7.271877e-05 8.743559e-05 7.511315e-05 8.705911e-05 1.324270e-04 2.981123e-04 5.338460e-04 5.602140e-04 
     4.5                1.676736e-03 3.594247e-04 5.366800e-04 6.277585e-04 4.525373e-04 3.498429e-04 5.235467e-04 5.394096e-04 6.241439e-04 1.543153e-03 2.260068e-03 2.445560e-03 
     5.5                5.471047e-03 1.287651e-03 2.118647e-03 2.128584e-03 1.548514e-03 1.784779e-03 1.971128e-03 2.128466e-03 2.118260e-03 5.954767e-03 7.872429e-03 8.461551e-03 
     6.5                7.666453e-03 2.494125e-03 3.990813e-03 4.109640e-03 2.882400e-03 3.007170e-03 3.935658e-03 4.003960e-03 4.097880e-03 1.098893e-02 1.243217e-02 1.392902e-02 
     7.5                1.319487e-02 6.753400e-03 7.499373e-03 7.830228e-03 6.070693e-03 6.205063e-03 7.368638e-03 7.514601e-03 7.814435e-03 2.164681e-02 2.492366e-02 2.730980e-02 
     8.5                1.503891e-02 1.472601e-02 1.237095e-02 1.218137e-02 8.776028e-03 9.113498e-03 1.281330e-02 1.237142e-02 1.218035e-02 3.327197e-02 3.711690e-02 4.219021e-02 
     9.5                1.813835e-02 1.935222e-02 1.766807e-02 1.775106e-02 1.223747e-02 1.293401e-02 1.841544e-02 1.766539e-02 1.775423e-02 4.756623e-02 4.854330e-02 5.616352e-02 
    10.5                2.298353e-02 2.029021e-02 2.378993e-02 2.402021e-02 1.628465e-02 1.699818e-02 2.460986e-02 2.379604e-02 2.401336e-02 6.362168e-02 5.884881e-02 6.980640e-02 
    11.5                2.330503e-02 2.049968e-02 2.985826e-02 2.969100e-02 1.930009e-02 1.987836e-02 3.107598e-02 2.986540e-02 2.968462e-02 7.752826e-02 6.360650e-02 7.947889e-02 
    12.5                2.435299e-02 1.904422e-02 3.403598e-02 3.405390e-02 2.137519e-02 2.234763e-02 3.536975e-02 3.404771e-02 3.404007e-02 8.773957e-02 6.699161e-02 8.643505e-02 
    13.5                2.383161e-02 1.837804e-02 3.991064e-02 3.984425e-02 2.327691e-02 2.439419e-02 4.166639e-02 3.992469e-02 3.983204e-02 9.992320e-02 6.950928e-02 9.556483e-02 
    14.5                2.699038e-02 1.737802e-02 4.491315e-02 4.521837e-02 2.542021e-02 2.665787e-02 4.685565e-02 4.493641e-02 4.519534e-02 1.115284e-01 7.505814e-02 1.066988e-01 
    15.5                2.607338e-02 1.583172e-02 5.088350e-02 5.036622e-02 2.698000e-02 2.815592e-02 5.318463e-02 5.090776e-02 5.034118e-02 1.225425e-01 7.601669e-02 1.149698e-01 
    16.5                2.557182e-02 1.449115e-02 5.522316e-02 5.469760e-02 2.866301e-02 2.970301e-02 5.780448e-02 5.524962e-02 5.467071e-02 1.317301e-01 7.770752e-02 1.224977e-01 
    17.5                2.701267e-02 1.221183e-02 5.981267e-02 5.951311e-02 2.950569e-02 3.092800e-02 6.253133e-02 5.984831e-02 5.947749e-02 1.406111e-01 7.954976e-02 1.311577e-01 
    18.5                2.414274e-02 1.045435e-02 6.387597e-02 6.359839e-02 3.072203e-02 3.186500e-02 6.694259e-02 6.390864e-02 6.356515e-02 1.485315e-01 7.812196e-02 1.362339e-01 
    19.5                2.556905e-02 8.034843e-03 6.692421e-02 6.664703e-02 3.170416e-02 3.264342e-02 7.006160e-02 6.696597e-02 6.660436e-02 1.544891e-01 7.949908e-02 1.422269e-01 
    20.5                2.312094e-02 5.816087e-03 6.858867e-02 6.784103e-02 3.156276e-02 3.264367e-02 7.179995e-02 6.863053e-02 6.779957e-02 1.564727e-01 7.644847e-02 1.428512e-01 
    21.5                2.506066e-02 3.650757e-03 7.120581e-02 7.095918e-02 3.234361e-02 3.332200e-02 7.444664e-02 7.125688e-02 7.090715e-02 1.618937e-01 7.800051e-02 1.487265e-01 
    22.5                2.666302e-02 1.861910e-03 7.468108e-02 7.361421e-02 3.355471e-02 3.434862e-02 7.797336e-02 7.474075e-02 7.355447e-02 1.681762e-01 8.003928e-02 1.547324e-01 
    23.5                2.710842e-02 5.884324e-04 7.514175e-02 7.484850e-02 3.330636e-02 3.427446e-02 7.841634e-02 7.520457e-02 7.478362e-02 1.691240e-01 7.872146e-02 1.554980e-01 
    24.5                3.051405e-02 6.258940e-05 7.586969e-02 7.494088e-02 3.339981e-02 3.403631e-02 7.898704e-02 7.594311e-02 7.486768e-02 1.693954e-01 7.962079e-02 1.569193e-01 
    25.5                3.333959e-02 5.688036e-07 7.604978e-02 7.468773e-02 3.322958e-02 3.365347e-02 7.906677e-02 7.612995e-02 7.460738e-02 1.686641e-01 7.949424e-02 1.567878e-01 
    26.5                3.583290e-02 0.000000e+00 7.479385e-02 7.373866e-02 3.247727e-02 3.288610e-02 7.761587e-02 7.488002e-02 7.365230e-02 1.655350e-01 7.856409e-02 1.547108e-01 
    27.5                3.738461e-02 0.000000e+00 7.216482e-02 7.124492e-02 3.127345e-02 3.172523e-02 7.477605e-02 7.225436e-02 7.115445e-02 1.594971e-01 7.669898e-02 1.498046e-01 
    28.5                3.959273e-02 0.000000e+00 7.047774e-02 6.925512e-02 3.044101e-02 3.061475e-02 7.287002e-02 7.057325e-02 6.915999e-02 1.549636e-01 7.573448e-02 1.465531e-01 
    29.5                4.073017e-02 0.000000e+00 6.740718e-02 6.595738e-02 2.908663e-02 2.913125e-02 6.956644e-02 6.750574e-02 6.585983e-02 1.476674e-01 7.352989e-02 1.404520e-01 
    30.5                4.139654e-02 0.000000e+00 6.378713e-02 6.247868e-02 2.747273e-02 2.749652e-02 6.570563e-02 6.388706e-02 6.237928e-02 1.394933e-01 7.081876e-02 1.336368e-01 
    31.5                4.139900e-02 0.000000e+00 5.959909e-02 5.826435e-02 2.561758e-02 2.558441e-02 6.125702e-02 5.969920e-02 5.816512e-02 1.299314e-01 6.745875e-02 1.255156e-01 
    32.5                4.096261e-02 0.000000e+00 5.501172e-02 5.363122e-02 2.367063e-02 2.348783e-02 5.642343e-02 5.511071e-02 5.353298e-02 1.195781e-01 6.378192e-02 1.166013e-01 
    33.5                3.966973e-02 0.000000e+00 4.957154e-02 4.845219e-02 2.133028e-02 2.122915e-02 5.071257e-02 4.966755e-02 4.835720e-02 1.077724e-01 5.924221e-02 1.061586e-01 
    34.5                3.730830e-02 0.000000e+00 4.434121e-02 4.280557e-02 1.909917e-02 1.873105e-02 4.526803e-02 4.443218e-02 4.271691e-02 9.571824e-02 5.393916e-02 9.508977e-02 
    35.5                3.430241e-02 0.000000e+00 3.846252e-02 3.713510e-02 1.655237e-02 1.622638e-02 3.917498e-02 3.854602e-02 3.705344e-02 8.291874e-02 4.803559e-02 8.323433e-02 
    36.5                3.167673e-02 0.000000e+00 3.345413e-02 3.216011e-02 1.441507e-02 1.404398e-02 3.398635e-02 3.353149e-02 3.208495e-02 7.189253e-02 4.300952e-02 7.302424e-02 
    37.5                2.815507e-02 0.000000e+00 2.801851e-02 2.713423e-02 1.208411e-02 1.184070e-02 2.839229e-02 2.808710e-02 2.706726e-02 6.037743e-02 3.724318e-02 6.204076e-02 
    38.5                2.440727e-02 0.000000e+00 2.319230e-02 2.221402e-02 1.000225e-02 9.688594e-03 2.344485e-02 2.325203e-02 2.215623e-02 4.966424e-02 3.155699e-02 5.162955e-02 
    39.5                2.049015e-02 0.000000e+00 1.854878e-02 1.755373e-02 8.003207e-03 7.649554e-03 1.869938e-02 1.859924e-02 1.750553e-02 3.945773e-02 2.590954e-02 4.156476e-02 
    40.5                1.623887e-02 0.000000e+00 1.395010e-02 1.316274e-02 6.024327e-03 5.729246e-03 1.402323e-02 1.399017e-02 1.312462e-02 2.961429e-02 2.012065e-02 3.163866e-02 
    41.5                1.212485e-02 0.000000e+00 9.966582e-03 9.372122e-03 4.303475e-03 4.081505e-03 9.992104e-03 9.996575e-03 9.343737e-03 2.111162e-02 1.478053e-02 2.284383e-02 
    42.5                8.774722e-03 0.000000e+00 6.916092e-03 6.430138e-03 2.990006e-03 2.797521e-03 6.915086e-03 6.937906e-03 6.409705e-03 1.456347e-02 1.053093e-02 1.598257e-02 
    43.5                5.806867e-03 0.000000e+00 4.417574e-03 4.024672e-03 1.909371e-03 1.748966e-03 4.403954e-03 4.432170e-03 4.011312e-03 9.208332e-03 6.871884e-03 1.025113e-02 
    44.5                3.376776e-03 0.000000e+00 2.477493e-03 2.219081e-03 1.072565e-03 9.643105e-04 2.463125e-03 2.486043e-03 2.211374e-03 5.121851e-03 3.946675e-03 5.786389e-03 
    45.5                1.681381e-03 0.000000e+00 1.224678e-03 1.028177e-03 5.299921e-04 4.466578e-04 1.214246e-03 1.229074e-03 1.024479e-03 2.456226e-03 1.945406e-03 2.811746e-03 
    46.5                5.585031e-04 0.000000e+00 3.882330e-04 3.312181e-04 1.681911e-04 1.437564e-04 3.839236e-04 3.896798e-04 3.299763e-04 7.842918e-04 6.398723e-04 9.109038e-04 
    47.5                1.404320e-04 0.000000e+00 1.012135e-04 7.468927e-05 4.386336e-05 3.240601e-05 9.987224e-05 1.016021e-04 7.440193e-05 1.917405e-04 1.598250e-04 2.250982e-04 
    48.5                1.632960e-05 0.000000e+00 1.283119e-05 7.111825e-06 5.562528e-06 3.084749e-06 1.263599e-05 1.288176e-05 7.083833e-06 2.173732e-05 1.847837e-05 2.577618e-05 
    49.5                0.000000e+00 0.000000e+00 0.000000e+00 0.000000e+00 0.000000e+00 0.000000e+00 0.000000e+00 0.000000e+00 0.000000e+00 0.000000e+00 0.000000e+00 0.000000e+00 
    50.5                0.000000e+00 0.000000e+00 0.000000e+00 0.000000e+00 0.000000e+00 0.000000e+00 0.000000e+00 0.000000e+00 0.000000e+00 0.000000e+00 0.000000e+00 0.000000e+00 
    51.5                0.000000e+00 0.000000e+00 0.000000e+00 0.000000e+00 0.000000e+00 0.000000e+00 0.000000e+00 0.000000e+00 0.000000e+00 0.000000e+00 0.000000e+00 0.000000e+00 
    52.5                0.000000e+00 0.000000e+00 0.000000e+00 0.000000e+00 0.000000e+00 0.000000e+00 0.000000e+00 0.000000e+00 0.000000e+00 0.000000e+00 0.000000e+00 0.000000e+00 
    53.5                0.000000e+00 0.000000e+00 0.000000e+00 0.000000e+00 0.000000e+00 0.000000e+00 0.000000e+00 0.000000e+00 0.000000e+00 0.000000e+00 0.000000e+00 0.000000e+00 
    54.5                0.000000e+00 0.000000e+00 0.000000e+00 0.000000e+00 0.000000e+00 0.000000e+00 0.000000e+00 0.000000e+00 0.000000e+00 0.000000e+00 0.000000e+00 0.000000e+00 
    55.5                0.000000e+00 0.000000e+00 0.000000e+00 0.000000e+00 0.000000e+00 0.000000e+00 0.000000e+00 0.000000e+00 0.000000e+00 0.000000e+00 0.000000e+00 0.000000e+00 
    56.5                0.000000e+00 0.000000e+00 0.000000e+00 0.000000e+00 0.000000e+00 0.000000e+00 0.000000e+00 0.000000e+00 0.000000e+00 0.000000e+00 0.000000e+00 0.000000e+00 
    57.5                0.000000e+00 0.000000e+00 0.000000e+00 0.000000e+00 0.000000e+00 0.000000e+00 0.000000e+00 0.000000e+00 0.000000e+00 0.000000e+00 0.000000e+00 0.000000e+00 
    58.5                0.000000e+00 0.000000e+00 0.000000e+00 0.000000e+00 0.000000e+00 0.000000e+00 0.000000e+00 0.000000e+00 0.000000e+00 0.000000e+00 0.000000e+00 0.000000e+00 
    59.5                0.000000e+00 0.000000e+00 0.000000e+00 0.000000e+00 0.000000e+00 0.000000e+00 0.000000e+00 0.000000e+00 0.000000e+00 0.000000e+00 0.000000e+00 0.000000e+00 
    60.5                0.000000e+00 0.000000e+00 0.000000e+00 0.000000e+00 0.000000e+00 0.000000e+00 0.000000e+00 0.000000e+00 0.000000e+00 0.000000e+00 0.000000e+00 0.000000e+00 
    61.5                0.000000e+00 0.000000e+00 0.000000e+00 0.000000e+00 0.000000e+00 0.000000e+00 0.000000e+00 0.000000e+00 0.000000e+00 0.000000e+00 0.000000e+00 0.000000e+00 
    62.5                0.000000e+00 0.000000e+00 0.000000e+00 0.000000e+00 0.000000e+00 0.000000e+00 0.000000e+00 0.000000e+00 0.000000e+00 0.000000e+00 0.000000e+00 0.000000e+00 
    63.5                0.000000e+00 0.000000e+00 0.000000e+00 0.000000e+00 0.000000e+00 0.000000e+00 0.000000e+00 0.000000e+00 0.000000e+00 0.000000e+00 0.000000e+00 0.000000e+00 
    64.5                0.000000e+00 0.000000e+00 0.000000e+00 0.000000e+00 0.000000e+00 0.000000e+00 0.000000e+00 0.000000e+00 0.000000e+00 0.000000e+00 0.000000e+00 0.000000e+00 
    65.5                0.000000e+00 0.000000e+00 0.000000e+00 0.000000e+00 0.000000e+00 0.000000e+00 0.000000e+00 0.000000e+00 0.000000e+00 0.000000e+00 0.000000e+00 0.000000e+00 
    66.5                0.000000e+00 0.000000e+00 0.000000e+00 0.000000e+00 0.000000e+00 0.000000e+00 0.000000e+00 0.000000e+00 0.000000e+00 0.000000e+00 0.000000e+00 0.000000e+00 
    67.5                0.000000e+00 0.000000e+00 0.000000e+00 0.000000e+00 0.000000e+00 0.000000e+00 0.000000e+00 0.000000e+00 0.000000e+00 0.000000e+00 0.000000e+00 0.000000e+00 
    68.5                0.000000e+00 0.000000e+00 0.000000e+00 0.000000e+00 0.000000e+00 0.000000e+00 0.000000e+00 0.000000e+00 0.000000e+00 0.000000e+00 0.000000e+00 0.000000e+00 
    69.5                0.000000e+00 0.000000e+00 0.000000e+00 0.000000e+00 0.000000e+00 0.000000e+00 0.000000e+00 0.000000e+00 0.000000e+00 0.000000e+00 0.000000e+00 0.000000e+00 
    70.5                0.000000e+00 0.000000e+00 0.000000e+00 0.000000e+00 0.000000e+00 0.000000e+00 0.000000e+00 0.000000e+00 0.000000e+00 0.000000e+00 0.000000e+00 0.000000e+00 
    71.5                0.000000e+00 0.000000e+00 0.000000e+00 0.000000e+00 0.000000e+00 0.000000e+00 0.000000e+00 0.000000e+00 0.000000e+00 0.000000e+00 0.000000e+00 0.000000e+00 
    72.5                0.000000e+00 0.000000e+00 0.000000e+00 0.000000e+00 0.000000e+00 0.000000e+00 0.000000e+00 0.000000e+00 0.000000e+00 0.000000e+00 0.000000e+00 0.000000e+00 
    73.5                0.000000e+00 0.000000e+00 0.000000e+00 0.000000e+00 0.000000e+00 0.000000e+00 0.000000e+00 0.000000e+00 0.000000e+00 0.000000e+00 0.000000e+00 0.000000e+00 
    74.5                0.000000e+00 0.000000e+00 0.000000e+00 0.000000e+00 0.000000e+00 0.000000e+00 0.000000e+00 0.000000e+00 0.000000e+00 0.000000e+00 0.000000e+00 0.000000e+00 
    75.5                0.000000e+00 0.000000e+00 0.000000e+00 0.000000e+00 0.000000e+00 0.000000e+00 0.000000e+00 0.000000e+00 0.000000e+00 0.000000e+00 0.000000e+00 0.000000e+00 
    76.5                0.000000e+00 0.000000e+00 0.000000e+00 0.000000e+00 0.000000e+00 0.000000e+00 0.000000e+00 0.000000e+00 0.000000e+00 0.000000e+00 0.000000e+00 0.000000e+00 
    77.5                0.000000e+00 0.000000e+00 0.000000e+00 0.000000e+00 0.000000e+00 0.000000e+00 0.000000e+00 0.000000e+00 0.000000e+00 0.000000e+00 0.000000e+00 0.000000e+00 
    78.5                0.000000e+00 0.000000e+00 0.000000e+00 0.000000e+00 0.000000e+00 0.000000e+00 0.000000e+00 0.000000e+00 0.000000e+00 0.000000e+00 0.000000e+00 0.000000e+00 
    79.5                0.000000e+00 0.000000e+00 0.000000e+00 0.000000e+00 0.000000e+00 0.000000e+00 0.000000e+00 0.000000e+00 0.000000e+00 0.000000e+00 0.000000e+00 0.000000e+00 


