# 80 rows of flux data
# 12 columns of flux data
# 
# total cross-sectional flux  4.166552e+00 /m^2/yr
#
#                             +x ram      -x wake      +y port -y starboard    +z zenith     -z nadir        Earth          Sun     anti-Sun      rot (x)      rot (y)      rot (z) 
# average speed (km/s)         25.67        13.47        24.36        24.76        23.68        23.48        24.72        24.36        24.76        24.17        23.31        24.15 
# total flux (#/m2/yr)  1.019534e+00 2.128261e-01 1.667920e+00 1.693240e+00 8.397227e-01 7.764269e-01 1.770437e+00 1.666037e+00 1.695241e+00 3.860171e+00 2.194464e+00 3.721493e+00 
# velocity (km/s)
     0.5                0.000000e+00 0.000000e+00 0.000000e+00 0.000000e+00 0.000000e+00 0.000000e+00 0.000000e+00 0.000000e+00 0.000000e+00 0.000000e+00 0.000000e+00 0.000000e+00 
     1.5                0.000000e+00 0.000000e+00 0.000000e+00 0.000000e+00 0.000000e+00 0.000000e+00 0.000000e+00 0.000000e+00 0.000000e+00 0.000000e+00 0.000000e+00 0.000000e+00 
     2.5                1.115254e-04 0.000000e+00 1.231819e-05 1.345997e-05 1.292313e-05 4.302114e-06 4.356496e-05 1.201897e-05 1.369779e-05 3.188191e-05 1.135077e-04 1.146341e-04 
     3.5                4.498299e-04 4.025120e-05 1.268353e-04 9.446038e-05 8.401270e-05 7.645937e-05 2.345329e-04 1.257209e-04 9.531866e-05 3.002152e-04 5.275475e-04 5.566667e-04 
     4.5                1.598462e-03 3.440731e-04 6.294262e-04 4.881571e-04 2.700083e-04 4.728844e-04 9.614785e-04 6.262059e-04 4.909790e-04 1.456843e-03 2.152570e-03 2.331959e-03 
     5.5                5.543239e-03 1.353012e-03 2.352064e-03 1.975560e-03 1.801132e-03 1.657094e-03 3.386220e-03 2.341092e-03 1.984771e-03 6.118832e-03 8.061032e-03 8.645777e-03 
     6.5                7.642756e-03 2.464880e-03 4.199176e-03 3.856437e-03 2.943501e-03 2.927393e-03 5.350033e-03 4.186701e-03 3.868900e-03 1.093628e-02 1.236462e-02 1.384722e-02 
     7.5                1.337378e-02 6.515725e-03 8.149108e-03 7.272212e-03 6.036581e-03 5.997250e-03 9.914399e-03 8.131852e-03 7.287991e-03 2.153149e-02 2.474645e-02 2.734814e-02 
     8.5                1.479214e-02 1.466372e-02 1.249136e-02 1.171501e-02 8.941230e-03 8.752913e-03 1.308072e-02 1.249103e-02 1.171531e-02 3.287705e-02 3.673663e-02 4.169082e-02 
     9.5                1.792637e-02 1.925922e-02 1.822099e-02 1.721413e-02 1.300279e-02 1.206846e-02 1.800250e-02 1.822420e-02 1.721094e-02 4.749236e-02 4.823138e-02 5.590865e-02 
    10.5                2.251660e-02 2.003843e-02 2.462427e-02 2.294003e-02 1.656101e-02 1.622998e-02 2.475108e-02 2.461805e-02 2.294576e-02 6.309372e-02 5.791974e-02 6.905568e-02 
    11.5                2.385572e-02 2.036263e-02 3.023874e-02 2.942974e-02 2.019261e-02 1.915327e-02 3.009236e-02 3.023247e-02 2.944031e-02 7.768412e-02 6.407152e-02 7.987416e-02 
    12.5                2.420639e-02 1.897457e-02 3.480399e-02 3.338054e-02 2.227616e-02 2.091608e-02 3.476495e-02 3.479297e-02 3.339473e-02 8.738204e-02 6.643934e-02 8.633105e-02 
    13.5                2.399466e-02 1.841373e-02 4.077703e-02 3.866443e-02 2.471313e-02 2.331678e-02 4.029652e-02 4.076519e-02 3.867949e-02 1.000088e-01 6.985958e-02 9.549362e-02 
    14.5                2.685269e-02 1.735734e-02 4.610316e-02 4.415599e-02 2.703758e-02 2.499637e-02 4.652276e-02 4.608023e-02 4.417881e-02 1.115730e-01 7.493862e-02 1.067058e-01 
    15.5                2.599728e-02 1.588691e-02 5.159770e-02 4.962225e-02 2.829905e-02 2.681081e-02 5.181536e-02 5.157330e-02 4.964656e-02 1.224951e-01 7.600491e-02 1.150068e-01 
    16.5                2.540263e-02 1.444071e-02 5.541531e-02 5.438625e-02 3.009840e-02 2.803853e-02 5.553196e-02 5.538997e-02 5.441372e-02 1.314590e-01 7.732434e-02 1.220827e-01 
    17.5                2.717208e-02 1.233504e-02 6.065637e-02 5.914496e-02 3.165547e-02 2.911355e-02 6.145265e-02 6.062213e-02 5.918219e-02 1.412526e-01 8.004153e-02 1.318467e-01 
    18.5                2.459639e-02 1.035887e-02 6.439974e-02 6.291069e-02 3.220820e-02 3.024892e-02 6.480319e-02 6.436573e-02 6.294526e-02 1.483399e-01 7.828068e-02 1.362920e-01 
    19.5                2.498493e-02 8.050322e-03 6.704921e-02 6.624071e-02 3.318774e-02 3.095359e-02 6.788838e-02 6.700954e-02 6.628259e-02 1.541238e-01 7.891439e-02 1.416641e-01 
    20.5                2.336182e-02 5.810082e-03 6.838788e-02 6.807775e-02 3.341481e-02 3.092443e-02 6.923392e-02 6.834649e-02 6.812088e-02 1.565992e-01 7.667384e-02 1.429718e-01 
    21.5                2.506923e-02 3.643020e-03 7.165909e-02 7.048148e-02 3.374571e-02 3.196104e-02 7.334663e-02 7.160753e-02 7.053311e-02 1.619240e-01 7.807749e-02 1.487397e-01 
    22.5                2.647871e-02 1.863799e-03 7.403637e-02 7.399019e-02 3.508705e-02 3.261539e-02 7.618917e-02 7.397825e-02 7.405061e-02 1.678298e-01 7.972478e-02 1.543852e-01 
    23.5                2.710823e-02 5.870707e-04 7.496383e-02 7.495077e-02 3.491109e-02 3.262990e-02 7.750947e-02 7.490006e-02 7.501471e-02 1.690457e-01 7.869071e-02 1.554448e-01 
    24.5                3.044357e-02 6.233143e-05 7.497393e-02 7.569050e-02 3.487602e-02 3.243525e-02 7.829370e-02 7.490178e-02 7.576464e-02 1.692183e-01 7.946559e-02 1.567389e-01 
    25.5                3.360342e-02 3.989209e-07 7.505076e-02 7.583219e-02 3.468790e-02 3.222449e-02 7.903521e-02 7.497051e-02 7.591374e-02 1.687993e-01 7.969023e-02 1.570383e-01 
    26.5                3.576855e-02 0.000000e+00 7.342909e-02 7.530159e-02 3.405663e-02 3.151097e-02 7.787948e-02 7.334436e-02 7.538908e-02 1.658286e-01 7.870845e-02 1.548832e-01 
    27.5                3.753001e-02 0.000000e+00 7.102246e-02 7.248207e-02 3.273661e-02 3.034326e-02 7.592853e-02 7.093342e-02 7.257375e-02 1.596198e-01 7.686273e-02 1.499535e-01 
    28.5                3.958368e-02 0.000000e+00 6.884055e-02 7.091565e-02 3.176720e-02 2.934612e-02 7.423506e-02 6.874684e-02 7.101253e-02 1.550265e-01 7.576216e-02 1.465546e-01 
    29.5                4.077243e-02 0.000000e+00 6.542283e-02 6.792275e-02 3.033735e-02 2.783406e-02 7.116317e-02 6.532666e-02 6.802289e-02 1.476274e-01 7.351820e-02 1.404581e-01 
    30.5                4.131798e-02 0.000000e+00 6.188764e-02 6.430008e-02 2.860037e-02 2.634580e-02 6.788932e-02 6.179011e-02 6.440150e-02 1.394144e-01 7.075966e-02 1.335353e-01 
    31.5                4.142061e-02 0.000000e+00 5.749995e-02 6.037701e-02 2.680540e-02 2.448496e-02 6.364366e-02 5.740279e-02 6.047928e-02 1.299916e-01 6.754528e-02 1.255393e-01 
    32.5                4.106443e-02 0.000000e+00 5.293788e-02 5.581721e-02 2.468565e-02 2.254834e-02 5.920033e-02 5.284139e-02 5.591843e-02 1.197163e-01 6.391826e-02 1.167512e-01 
    33.5                3.959556e-02 0.000000e+00 4.738067e-02 5.061213e-02 2.236518e-02 2.019298e-02 5.348830e-02 4.728845e-02 5.071055e-02 1.077440e-01 5.917956e-02 1.060920e-01 
    34.5                3.718938e-02 0.000000e+00 4.182857e-02 4.497862e-02 1.982548e-02 1.783878e-02 4.762322e-02 4.174249e-02 4.507159e-02 9.533716e-02 5.373468e-02 9.473222e-02 
    35.5                3.449743e-02 0.000000e+00 3.639255e-02 3.958080e-02 1.743613e-02 1.555780e-02 4.185870e-02 3.631275e-02 3.966709e-02 8.335360e-02 4.832835e-02 8.365924e-02 
    36.5                3.169467e-02 0.000000e+00 3.138205e-02 3.427379e-02 1.507454e-02 1.341662e-02 3.644009e-02 3.130922e-02 3.435356e-02 7.194755e-02 4.304685e-02 7.306870e-02 
    37.5                2.808506e-02 0.000000e+00 2.627055e-02 2.877822e-02 1.263805e-02 1.125395e-02 3.082000e-02 2.620593e-02 2.884882e-02 6.026885e-02 3.716867e-02 6.191576e-02 
    38.5                2.457275e-02 0.000000e+00 2.151656e-02 2.417418e-02 1.060033e-02 9.219777e-03 2.548500e-02 2.146081e-02 2.423674e-02 4.997938e-02 3.176799e-02 5.195906e-02 
    39.5                2.039459e-02 0.000000e+00 1.679558e-02 1.911067e-02 8.372235e-03 7.208365e-03 2.011333e-02 1.674951e-02 1.916278e-02 3.924917e-02 2.579027e-02 4.134820e-02 
    40.5                1.632392e-02 0.000000e+00 1.258026e-02 1.469230e-02 6.424355e-03 5.403133e-03 1.521430e-02 1.254402e-02 1.473464e-02 2.979094e-02 2.023334e-02 3.181896e-02 
    41.5                1.212948e-02 0.000000e+00 8.822909e-03 1.052738e-02 4.600294e-03 3.796131e-03 1.077426e-02 8.796287e-03 1.055915e-02 2.112673e-02 1.479069e-02 2.285599e-02 
    42.5                8.816647e-03 0.000000e+00 6.026645e-03 7.372257e-03 3.216751e-03 2.595608e-03 7.438987e-03 6.007535e-03 7.395589e-03 1.462235e-02 1.058019e-02 1.604984e-02 
    43.5                5.830441e-03 0.000000e+00 3.717343e-03 4.763673e-03 2.077399e-03 1.602474e-03 4.631584e-03 3.705055e-03 4.779449e-03 9.252653e-03 6.903447e-03 1.029644e-02 
    44.5                3.391156e-03 0.000000e+00 1.990257e-03 2.724532e-03 1.186112e-03 8.594500e-04 2.507525e-03 1.983356e-03 2.733952e-03 5.141996e-03 3.963460e-03 5.809601e-03 
    45.5                1.729827e-03 0.000000e+00 9.186117e-04 1.395271e-03 6.065108e-04 3.966745e-04 1.166595e-03 9.153182e-04 1.400302e-03 2.522775e-03 2.000633e-03 2.889656e-03 
    46.5                5.947273e-04 0.000000e+00 2.857453e-04 4.798459e-04 2.087158e-04 1.235630e-04 3.666081e-04 2.846775e-04 4.816398e-04 8.347486e-04 6.814548e-04 9.695874e-04 
    47.5                1.306612e-04 0.000000e+00 4.954928e-05 1.133523e-04 4.919561e-05 2.145566e-05 6.403928e-05 4.935871e-05 1.137902e-04 1.775754e-04 1.485557e-04 2.088418e-04 
    48.5                1.799369e-05 0.000000e+00 3.330601e-06 1.855544e-05 8.047813e-06 1.442876e-06 4.317658e-06 3.317639e-06 1.862895e-05 2.385562e-05 2.034390e-05 2.833404e-05 
    49.5                0.000000e+00 0.000000e+00 0.000000e+00 0.000000e+00 0.000000e+00 0.000000e+00 0.000000e+00 0.000000e+00 0.000000e+00 0.000000e+00 0.000000e+00 0.000000e+00 
    50.5                0.000000e+00 0.000000e+00 0.000000e+00 0.000000e+00 0.000000e+00 0.000000e+00 0.000000e+00 0.000000e+00 0.000000e+00 0.000000e+00 0.000000e+00 0.000000e+00 
    51.5                0.000000e+00 0.000000e+00 0.000000e+00 0.000000e+00 0.000000e+00 0.000000e+00 0.000000e+00 0.000000e+00 0.000000e+00 0.000000e+00 0.000000e+00 0.000000e+00 
    52.5                0.000000e+00 0.000000e+00 0.000000e+00 0.000000e+00 0.000000e+00 0.000000e+00 0.000000e+00 0.000000e+00 0.000000e+00 0.000000e+00 0.000000e+00 0.000000e+00 
    53.5                0.000000e+00 0.000000e+00 0.000000e+00 0.000000e+00 0.000000e+00 0.000000e+00 0.000000e+00 0.000000e+00 0.000000e+00 0.000000e+00 0.000000e+00 0.000000e+00 
    54.5                0.000000e+00 0.000000e+00 0.000000e+00 0.000000e+00 0.000000e+00 0.000000e+00 0.000000e+00 0.000000e+00 0.000000e+00 0.000000e+00 0.000000e+00 0.000000e+00 
    55.5                0.000000e+00 0.000000e+00 0.000000e+00 0.000000e+00 0.000000e+00 0.000000e+00 0.000000e+00 0.000000e+00 0.000000e+00 0.000000e+00 0.000000e+00 0.000000e+00 
    56.5                0.000000e+00 0.000000e+00 0.000000e+00 0.000000e+00 0.000000e+00 0.000000e+00 0.000000e+00 0.000000e+00 0.000000e+00 0.000000e+00 0.000000e+00 0.000000e+00 
    57.5                0.000000e+00 0.000000e+00 0.000000e+00 0.000000e+00 0.000000e+00 0.000000e+00 0.000000e+00 0.000000e+00 0.000000e+00 0.000000e+00 0.000000e+00 0.000000e+00 
    58.5                0.000000e+00 0.000000e+00 0.000000e+00 0.000000e+00 0.000000e+00 0.000000e+00 0.000000e+00 0.000000e+00 0.000000e+00 0.000000e+00 0.000000e+00 0.000000e+00 
    59.5                0.000000e+00 0.000000e+00 0.000000e+00 0.000000e+00 0.000000e+00 0.000000e+00 0.000000e+00 0.000000e+00 0.000000e+00 0.000000e+00 0.000000e+00 0.000000e+00 
    60.5                0.000000e+00 0.000000e+00 0.000000e+00 0.000000e+00 0.000000e+00 0.000000e+00 0.000000e+00 0.000000e+00 0.000000e+00 0.000000e+00 0.000000e+00 0.000000e+00 
    61.5                0.000000e+00 0.000000e+00 0.000000e+00 0.000000e+00 0.000000e+00 0.000000e+00 0.000000e+00 0.000000e+00 0.000000e+00 0.000000e+00 0.000000e+00 0.000000e+00 
    62.5                0.000000e+00 0.000000e+00 0.000000e+00 0.000000e+00 0.000000e+00 0.000000e+00 0.000000e+00 0.000000e+00 0.000000e+00 0.000000e+00 0.000000e+00 0.000000e+00 
    63.5                0.000000e+00 0.000000e+00 0.000000e+00 0.000000e+00 0.000000e+00 0.000000e+00 0.000000e+00 0.000000e+00 0.000000e+00 0.000000e+00 0.000000e+00 0.000000e+00 
    64.5                0.000000e+00 0.000000e+00 0.000000e+00 0.000000e+00 0.000000e+00 0.000000e+00 0.000000e+00 0.000000e+00 0.000000e+00 0.000000e+00 0.000000e+00 0.000000e+00 
    65.5                0.000000e+00 0.000000e+00 0.000000e+00 0.000000e+00 0.000000e+00 0.000000e+00 0.000000e+00 0.000000e+00 0.000000e+00 0.000000e+00 0.000000e+00 0.000000e+00 
    66.5                0.000000e+00 0.000000e+00 0.000000e+00 0.000000e+00 0.000000e+00 0.000000e+00 0.000000e+00 0.000000e+00 0.000000e+00 0.000000e+00 0.000000e+00 0.000000e+00 
    67.5                0.000000e+00 0.000000e+00 0.000000e+00 0.000000e+00 0.000000e+00 0.000000e+00 0.000000e+00 0.000000e+00 0.000000e+00 0.000000e+00 0.000000e+00 0.000000e+00 
    68.5                0.000000e+00 0.000000e+00 0.000000e+00 0.000000e+00 0.000000e+00 0.000000e+00 0.000000e+00 0.000000e+00 0.000000e+00 0.000000e+00 0.000000e+00 0.000000e+00 
    69.5                0.000000e+00 0.000000e+00 0.000000e+00 0.000000e+00 0.000000e+00 0.000000e+00 0.000000e+00 0.000000e+00 0.000000e+00 0.000000e+00 0.000000e+00 0.000000e+00 
    70.5                0.000000e+00 0.000000e+00 0.000000e+00 0.000000e+00 0.000000e+00 0.000000e+00 0.000000e+00 0.000000e+00 0.000000e+00 0.000000e+00 0.000000e+00 0.000000e+00 
    71.5                0.000000e+00 0.000000e+00 0.000000e+00 0.000000e+00 0.000000e+00 0.000000e+00 0.000000e+00 0.000000e+00 0.000000e+00 0.000000e+00 0.000000e+00 0.000000e+00 
    72.5                0.000000e+00 0.000000e+00 0.000000e+00 0.000000e+00 0.000000e+00 0.000000e+00 0.000000e+00 0.000000e+00 0.000000e+00 0.000000e+00 0.000000e+00 0.000000e+00 
    73.5                0.000000e+00 0.000000e+00 0.000000e+00 0.000000e+00 0.000000e+00 0.000000e+00 0.000000e+00 0.000000e+00 0.000000e+00 0.000000e+00 0.000000e+00 0.000000e+00 
    74.5                0.000000e+00 0.000000e+00 0.000000e+00 0.000000e+00 0.000000e+00 0.000000e+00 0.000000e+00 0.000000e+00 0.000000e+00 0.000000e+00 0.000000e+00 0.000000e+00 
    75.5                0.000000e+00 0.000000e+00 0.000000e+00 0.000000e+00 0.000000e+00 0.000000e+00 0.000000e+00 0.000000e+00 0.000000e+00 0.000000e+00 0.000000e+00 0.000000e+00 
    76.5                0.000000e+00 0.000000e+00 0.000000e+00 0.000000e+00 0.000000e+00 0.000000e+00 0.000000e+00 0.000000e+00 0.000000e+00 0.000000e+00 0.000000e+00 0.000000e+00 
    77.5                0.000000e+00 0.000000e+00 0.000000e+00 0.000000e+00 0.000000e+00 0.000000e+00 0.000000e+00 0.000000e+00 0.000000e+00 0.000000e+00 0.000000e+00 0.000000e+00 
    78.5                0.000000e+00 0.000000e+00 0.000000e+00 0.000000e+00 0.000000e+00 0.000000e+00 0.000000e+00 0.000000e+00 0.000000e+00 0.000000e+00 0.000000e+00 0.000000e+00 
    79.5                0.000000e+00 0.000000e+00 0.000000e+00 0.000000e+00 0.000000e+00 0.000000e+00 0.000000e+00 0.000000e+00 0.000000e+00 0.000000e+00 0.000000e+00 0.000000e+00 


