# 80 rows of flux data
# 12 columns of flux data
# 
# total cross-sectional flux  3.261833e-01 /m^2/yr
#
#                             +x ram      -x wake      +y port -y starboard    +z zenith     -z nadir        Earth          Sun     anti-Sun      rot (x)      rot (y)      rot (z) 
# average speed (km/s)          0.86         0.95         1.34         1.21         0.24         0.34         1.49         1.34         1.21         1.00         0.82         1.31 
# total flux (#/m2/yr)  1.678413e-01 5.344178e-02 7.478993e-02 7.479891e-02 7.402186e-01 7.611488e-01 1.004838e-01 7.494768e-02 7.496174e-02 3.108914e-01 2.976715e-01 1.821444e-01 
# velocity (km/s)
     0.5                0.000000e+00 0.000000e+00 0.000000e+00 0.000000e+00 0.000000e+00 0.000000e+00 0.000000e+00 0.000000e+00 0.000000e+00 0.000000e+00 0.000000e+00 0.000000e+00 
     1.5                0.000000e+00 0.000000e+00 0.000000e+00 0.000000e+00 0.000000e+00 0.000000e+00 0.000000e+00 0.000000e+00 0.000000e+00 0.000000e+00 0.000000e+00 0.000000e+00 
     2.5                5.285878e-05 3.129454e-06 6.455990e-06 5.038928e-06 5.296402e-06 2.272322e-06 1.793827e-05 6.455595e-06 5.102703e-06 1.326401e-05 5.167894e-05 5.232600e-05 
     3.5                1.890177e-04 1.553594e-05 4.703492e-05 5.134982e-05 3.237310e-05 3.380806e-05 8.773792e-05 4.676604e-05 5.108852e-05 1.124750e-04 2.111751e-04 2.330987e-04 
     4.5                6.921559e-04 1.579971e-04 2.507473e-04 2.411227e-04 1.680271e-04 1.790951e-04 3.508719e-04 2.503596e-04 2.404726e-04 6.383249e-04 9.413528e-04 1.017769e-03 
     5.5                2.428964e-03 5.949971e-04 9.967362e-04 8.988996e-04 7.608387e-04 7.552456e-04 1.284324e-03 9.958679e-04 8.982316e-04 2.658468e-03 3.520736e-03 3.786578e-03 
     6.5                3.105051e-03 1.016147e-03 1.711548e-03 1.630568e-03 1.186716e-03 1.288166e-03 1.999056e-03 1.711352e-03 1.630295e-03 4.512077e-03 5.034822e-03 5.690015e-03 
     7.5                5.194934e-03 2.717608e-03 3.165492e-03 2.989008e-03 2.473452e-03 2.493694e-03 3.648430e-03 3.164176e-03 2.988287e-03 8.475645e-03 9.748320e-03 1.090542e-02 
     8.5                4.887819e-03 6.100898e-03 4.767003e-03 4.462766e-03 3.517320e-03 3.543249e-03 5.019964e-03 4.767042e-03 4.462563e-03 1.197393e-02 1.331853e-02 1.571637e-02 
     9.5                5.044964e-03 7.580799e-03 6.391136e-03 6.132324e-03 5.111206e-03 5.042358e-03 6.652247e-03 6.391338e-03 6.132381e-03 1.550881e-02 1.557655e-02 1.934481e-02 
    10.5                6.105513e-03 7.376499e-03 8.312271e-03 7.801198e-03 6.956671e-03 6.911919e-03 8.914753e-03 8.312098e-03 7.800692e-03 1.945040e-02 1.716854e-02 2.261944e-02 
    11.5                4.815770e-03 6.829319e-03 9.721288e-03 9.351758e-03 9.126861e-03 9.051236e-03 1.045844e-02 9.721450e-03 9.352741e-03 2.133093e-02 1.521293e-02 2.360881e-02 
    12.5                3.044836e-03 5.701126e-03 9.747811e-03 9.133924e-03 1.195589e-02 1.177320e-02 1.094195e-02 9.747781e-03 9.133745e-03 1.932407e-02 1.106751e-02 2.149482e-02 
    13.5                1.085684e-03 4.612037e-03 1.003941e-02 9.303972e-03 1.586255e-02 1.555648e-02 1.173760e-02 1.003971e-02 9.304236e-03 1.713381e-02 5.883747e-03 1.960284e-02 
    14.5                7.252763e-04 3.844341e-03 1.004283e-02 9.220462e-03 1.887759e-02 1.947640e-02 1.231147e-02 1.004226e-02 9.219740e-03 1.529565e-02 3.020900e-03 1.915768e-02 
    15.5                2.807574e-03 2.826165e-03 9.620100e-03 8.787279e-03 2.360615e-02 2.443988e-02 1.245966e-02 9.619656e-03 8.786561e-03 1.085749e-02 4.299898e-03 1.563198e-02 
    16.5                5.089860e-03 2.183075e-03 8.155986e-03 7.194807e-03 2.863934e-02 2.845499e-02 1.199220e-02 8.156169e-03 7.194647e-03 5.449442e-03 9.957594e-03 1.176160e-02 
    17.5                6.312926e-03 1.299307e-03 7.277865e-03 6.432163e-03 3.175851e-02 3.245900e-02 1.158306e-02 7.277284e-03 6.432053e-03 1.893250e-03 1.434181e-02 9.038333e-03 
    18.5                7.190158e-03 7.597450e-04 5.907904e-03 4.998945e-03 3.401222e-02 3.579626e-02 1.117520e-02 5.906920e-03 4.998128e-03 2.720512e-03 1.829836e-02 6.144466e-03 
    19.5                8.169496e-03 2.623909e-04 3.463540e-03 2.645627e-03 3.865861e-02 3.804161e-02 1.024921e-02 3.463857e-03 2.643928e-03 8.376179e-03 2.226541e-02 1.761931e-03 
    20.5                9.395630e-03 1.780949e-05 1.428676e-03 6.212978e-04 4.043506e-02 4.084425e-02 8.785522e-03 1.430608e-03 6.263771e-04 1.366615e-02 2.614048e-02 3.439998e-03 
    21.5                8.989228e-03 1.645792e-04 7.106390e-04 1.596355e-03 4.248347e-02 4.250133e-02 8.218999e-03 7.034213e-04 1.593042e-03 1.811369e-02 2.755606e-02 6.743549e-03 
    22.5                8.435223e-03 1.594205e-04 2.247384e-03 2.961934e-03 4.252704e-02 4.339268e-02 7.766215e-03 2.251553e-03 2.964019e-03 2.016775e-02 2.731505e-02 8.853461e-03 
    23.5                9.207970e-03 7.888528e-05 4.521186e-03 4.938863e-03 4.239279e-02 4.376763e-02 6.651995e-03 4.522218e-03 4.939695e-03 2.375574e-02 2.808145e-02 1.328056e-02 
    24.5                8.037915e-03 1.569203e-05 5.935608e-03 6.366682e-03 4.078402e-02 4.186691e-02 6.544375e-03 5.938204e-03 6.368884e-03 2.468982e-02 2.536460e-02 1.497377e-02 
    25.5                8.066647e-03 2.437067e-07 7.237640e-03 7.589884e-03 3.963236e-02 4.079992e-02 6.295005e-03 7.240592e-03 7.592914e-03 2.620636e-02 2.432530e-02 1.739299e-02 
    26.5                8.424119e-03 0.000000e+00 8.843812e-03 9.010266e-03 3.772071e-02 3.920324e-02 6.506366e-03 8.846889e-03 9.014027e-03 2.791799e-02 2.309832e-02 2.025726e-02 
    27.5                8.943682e-03 0.000000e+00 1.055674e-02 1.044336e-02 3.516157e-02 3.638331e-02 7.151012e-03 1.055915e-02 1.044602e-02 2.923474e-02 2.126672e-02 2.335895e-02 
    28.5                8.587609e-03 0.000000e+00 1.089622e-02 1.070909e-02 3.198985e-02 3.324226e-02 7.188106e-03 1.089946e-02 1.071266e-02 2.792699e-02 1.831294e-02 2.360679e-02 
    29.5                9.447824e-03 0.000000e+00 1.238835e-02 1.207635e-02 2.982393e-02 3.093772e-02 8.506496e-03 1.239177e-02 1.208000e-02 2.963670e-02 1.755012e-02 2.654959e-02 
    30.5                9.138818e-03 0.000000e+00 1.225315e-02 1.174798e-02 2.674873e-02 2.769404e-02 8.541172e-03 1.225651e-02 1.175165e-02 2.791321e-02 1.522030e-02 2.595764e-02 
    31.5                9.053516e-03 0.000000e+00 1.233792e-02 1.172039e-02 2.324688e-02 2.438077e-02 8.903300e-03 1.234151e-02 1.172446e-02 2.660271e-02 1.304479e-02 2.588111e-02 
    32.5                8.836810e-03 0.000000e+00 1.213720e-02 1.132712e-02 2.000596e-02 2.107935e-02 9.086628e-03 1.214087e-02 1.133147e-02 2.494874e-02 1.111903e-02 2.517807e-02 
    33.5                8.968698e-03 0.000000e+00 1.200455e-02 1.114988e-02 1.704904e-02 1.787825e-02 9.446419e-03 1.200801e-02 1.115399e-02 2.373795e-02 9.887539e-03 2.490087e-02 
    34.5                8.844095e-03 0.000000e+00 1.148783e-02 1.048358e-02 1.423392e-02 1.506722e-02 9.302943e-03 1.149157e-02 1.048747e-02 2.197945e-02 8.868540e-03 2.372131e-02 
    35.5                7.988763e-03 0.000000e+00 1.021911e-02 9.209897e-03 1.139689e-02 1.216130e-02 8.579350e-03 1.022243e-02 9.214568e-03 1.890850e-02 7.216023e-03 2.099731e-02 
    36.5                7.028744e-03 0.000000e+00 8.832886e-03 7.892340e-03 8.979767e-03 9.599906e-03 7.611076e-03 8.836274e-03 7.896624e-03 1.584653e-02 5.709283e-03 1.810891e-02 
    37.5                6.462882e-03 0.000000e+00 7.940260e-03 6.978069e-03 6.993750e-03 7.422932e-03 7.115286e-03 7.943034e-03 6.981433e-03 1.387228e-02 4.904820e-03 1.621890e-02 
    38.5                5.492251e-03 0.000000e+00 6.574307e-03 5.666855e-03 5.275692e-03 5.566547e-03 6.066458e-03 6.577091e-03 5.671078e-03 1.111496e-02 3.865735e-03 1.334823e-02 
    39.5                4.633217e-03 0.000000e+00 5.394842e-03 4.559980e-03 3.886783e-03 4.074035e-03 5.129040e-03 5.397762e-03 4.563466e-03 8.931570e-03 3.192078e-03 1.090898e-02 
    40.5                3.875114e-03 0.000000e+00 4.417152e-03 3.610526e-03 2.778396e-03 2.850568e-03 4.366008e-03 4.419233e-03 3.613892e-03 7.135499e-03 2.679264e-03 8.838066e-03 
    41.5                2.954544e-03 0.000000e+00 3.256360e-03 2.576422e-03 1.887359e-03 1.870935e-03 3.326832e-03 3.258071e-03 2.579081e-03 5.135326e-03 2.050535e-03 6.474831e-03 
    42.5                1.972272e-03 0.000000e+00 2.164833e-03 1.672094e-03 1.272521e-03 1.187496e-03 2.270392e-03 2.166321e-03 1.674569e-03 3.301277e-03 1.318193e-03 4.251200e-03 
    43.5                1.381917e-03 0.000000e+00 1.497796e-03 1.071176e-03 8.178638e-04 7.045351e-04 1.631506e-03 1.498848e-03 1.073200e-03 2.200895e-03 9.749375e-04 2.860168e-03 
    44.5                8.246504e-04 0.000000e+00 8.660390e-04 6.201462e-04 4.726543e-04 3.754947e-04 9.691346e-04 8.667597e-04 6.215587e-04 1.264911e-03 6.062774e-04 1.653248e-03 
    45.5                4.222735e-04 0.000000e+00 4.368983e-04 3.029690e-04 2.499801e-04 1.730439e-04 5.060065e-04 4.373396e-04 3.040673e-04 6.153832e-04 3.306033e-04 8.102561e-04 
    46.5                1.805385e-04 0.000000e+00 1.867828e-04 1.123871e-04 8.636036e-05 5.543413e-05 2.232671e-04 1.868799e-04 1.128237e-04 2.564814e-04 1.561553e-04 3.312657e-04 
    47.5                4.068391e-05 0.000000e+00 4.562487e-05 2.371788e-05 2.228870e-05 1.225650e-05 5.482050e-05 4.567421e-05 2.385749e-05 5.539447e-05 3.683124e-05 7.197288e-05 
    48.5                9.004174e-06 0.000000e+00 7.855712e-06 7.203195e-06 3.477327e-06 1.159856e-06 9.503024e-06 7.860638e-06 7.224860e-06 1.200184e-05 8.888104e-06 1.514522e-05 
    49.5                0.000000e+00 0.000000e+00 0.000000e+00 0.000000e+00 0.000000e+00 0.000000e+00 0.000000e+00 0.000000e+00 0.000000e+00 0.000000e+00 0.000000e+00 0.000000e+00 
    50.5                0.000000e+00 0.000000e+00 0.000000e+00 0.000000e+00 0.000000e+00 0.000000e+00 0.000000e+00 0.000000e+00 0.000000e+00 0.000000e+00 0.000000e+00 0.000000e+00 
    51.5                0.000000e+00 0.000000e+00 0.000000e+00 0.000000e+00 0.000000e+00 0.000000e+00 0.000000e+00 0.000000e+00 0.000000e+00 0.000000e+00 0.000000e+00 0.000000e+00 
    52.5                0.000000e+00 0.000000e+00 0.000000e+00 0.000000e+00 0.000000e+00 0.000000e+00 0.000000e+00 0.000000e+00 0.000000e+00 0.000000e+00 0.000000e+00 0.000000e+00 
    53.5                0.000000e+00 0.000000e+00 0.000000e+00 0.000000e+00 0.000000e+00 0.000000e+00 0.000000e+00 0.000000e+00 0.000000e+00 0.000000e+00 0.000000e+00 0.000000e+00 
    54.5                0.000000e+00 0.000000e+00 0.000000e+00 0.000000e+00 0.000000e+00 0.000000e+00 0.000000e+00 0.000000e+00 0.000000e+00 0.000000e+00 0.000000e+00 0.000000e+00 
    55.5                0.000000e+00 0.000000e+00 0.000000e+00 0.000000e+00 0.000000e+00 0.000000e+00 0.000000e+00 0.000000e+00 0.000000e+00 0.000000e+00 0.000000e+00 0.000000e+00 
    56.5                0.000000e+00 0.000000e+00 0.000000e+00 0.000000e+00 0.000000e+00 0.000000e+00 0.000000e+00 0.000000e+00 0.000000e+00 0.000000e+00 0.000000e+00 0.000000e+00 
    57.5                0.000000e+00 0.000000e+00 0.000000e+00 0.000000e+00 0.000000e+00 0.000000e+00 0.000000e+00 0.000000e+00 0.000000e+00 0.000000e+00 0.000000e+00 0.000000e+00 
    58.5                0.000000e+00 0.000000e+00 0.000000e+00 0.000000e+00 0.000000e+00 0.000000e+00 0.000000e+00 0.000000e+00 0.000000e+00 0.000000e+00 0.000000e+00 0.000000e+00 
    59.5                0.000000e+00 0.000000e+00 0.000000e+00 0.000000e+00 0.000000e+00 0.000000e+00 0.000000e+00 0.000000e+00 0.000000e+00 0.000000e+00 0.000000e+00 0.000000e+00 
    60.5                0.000000e+00 0.000000e+00 0.000000e+00 0.000000e+00 0.000000e+00 0.000000e+00 0.000000e+00 0.000000e+00 0.000000e+00 0.000000e+00 0.000000e+00 0.000000e+00 
    61.5                0.000000e+00 0.000000e+00 0.000000e+00 0.000000e+00 0.000000e+00 0.000000e+00 0.000000e+00 0.000000e+00 0.000000e+00 0.000000e+00 0.000000e+00 0.000000e+00 
    62.5                0.000000e+00 0.000000e+00 0.000000e+00 0.000000e+00 0.000000e+00 0.000000e+00 0.000000e+00 0.000000e+00 0.000000e+00 0.000000e+00 0.000000e+00 0.000000e+00 
    63.5                0.000000e+00 0.000000e+00 0.000000e+00 0.000000e+00 0.000000e+00 0.000000e+00 0.000000e+00 0.000000e+00 0.000000e+00 0.000000e+00 0.000000e+00 0.000000e+00 
    64.5                0.000000e+00 0.000000e+00 0.000000e+00 0.000000e+00 0.000000e+00 0.000000e+00 0.000000e+00 0.000000e+00 0.000000e+00 0.000000e+00 0.000000e+00 0.000000e+00 
    65.5                0.000000e+00 0.000000e+00 0.000000e+00 0.000000e+00 0.000000e+00 0.000000e+00 0.000000e+00 0.000000e+00 0.000000e+00 0.000000e+00 0.000000e+00 0.000000e+00 
    66.5                0.000000e+00 0.000000e+00 0.000000e+00 0.000000e+00 0.000000e+00 0.000000e+00 0.000000e+00 0.000000e+00 0.000000e+00 0.000000e+00 0.000000e+00 0.000000e+00 
    67.5                0.000000e+00 0.000000e+00 0.000000e+00 0.000000e+00 0.000000e+00 0.000000e+00 0.000000e+00 0.000000e+00 0.000000e+00 0.000000e+00 0.000000e+00 0.000000e+00 
    68.5                0.000000e+00 0.000000e+00 0.000000e+00 0.000000e+00 0.000000e+00 0.000000e+00 0.000000e+00 0.000000e+00 0.000000e+00 0.000000e+00 0.000000e+00 0.000000e+00 
    69.5                0.000000e+00 0.000000e+00 0.000000e+00 0.000000e+00 0.000000e+00 0.000000e+00 0.000000e+00 0.000000e+00 0.000000e+00 0.000000e+00 0.000000e+00 0.000000e+00 
    70.5                0.000000e+00 0.000000e+00 0.000000e+00 0.000000e+00 0.000000e+00 0.000000e+00 0.000000e+00 0.000000e+00 0.000000e+00 0.000000e+00 0.000000e+00 0.000000e+00 
    71.5                0.000000e+00 0.000000e+00 0.000000e+00 0.000000e+00 0.000000e+00 0.000000e+00 0.000000e+00 0.000000e+00 0.000000e+00 0.000000e+00 0.000000e+00 0.000000e+00 
    72.5                0.000000e+00 0.000000e+00 0.000000e+00 0.000000e+00 0.000000e+00 0.000000e+00 0.000000e+00 0.000000e+00 0.000000e+00 0.000000e+00 0.000000e+00 0.000000e+00 
    73.5                0.000000e+00 0.000000e+00 0.000000e+00 0.000000e+00 0.000000e+00 0.000000e+00 0.000000e+00 0.000000e+00 0.000000e+00 0.000000e+00 0.000000e+00 0.000000e+00 
    74.5                0.000000e+00 0.000000e+00 0.000000e+00 0.000000e+00 0.000000e+00 0.000000e+00 0.000000e+00 0.000000e+00 0.000000e+00 0.000000e+00 0.000000e+00 0.000000e+00 
    75.5                0.000000e+00 0.000000e+00 0.000000e+00 0.000000e+00 0.000000e+00 0.000000e+00 0.000000e+00 0.000000e+00 0.000000e+00 0.000000e+00 0.000000e+00 0.000000e+00 
    76.5                0.000000e+00 0.000000e+00 0.000000e+00 0.000000e+00 0.000000e+00 0.000000e+00 0.000000e+00 0.000000e+00 0.000000e+00 0.000000e+00 0.000000e+00 0.000000e+00 
    77.5                0.000000e+00 0.000000e+00 0.000000e+00 0.000000e+00 0.000000e+00 0.000000e+00 0.000000e+00 0.000000e+00 0.000000e+00 0.000000e+00 0.000000e+00 0.000000e+00 
    78.5                0.000000e+00 0.000000e+00 0.000000e+00 0.000000e+00 0.000000e+00 0.000000e+00 0.000000e+00 0.000000e+00 0.000000e+00 0.000000e+00 0.000000e+00 0.000000e+00 
    79.5                0.000000e+00 0.000000e+00 0.000000e+00 0.000000e+00 0.000000e+00 0.000000e+00 0.000000e+00 0.000000e+00 0.000000e+00 0.000000e+00 0.000000e+00 0.000000e+00 


