# 80 rows of flux data
# 12 columns of flux data
# 
# total cross-sectional flux  4.861738e+00 /m^2/yr
#
#                             +x ram      -x wake      +y port -y starboard    +z zenith     -z nadir        Earth          Sun     anti-Sun      rot (x)      rot (y)      rot (z) 
# average speed (km/s)         27.51        15.48        27.24        27.11        18.80        24.01        27.92        27.24        27.11        26.24        25.03        26.85 
# total flux (#/m2/yr)  1.366742e+00 1.068514e-01 1.844592e+00 1.844592e+00 7.131116e-03 2.125234e+00 1.552357e+00 1.844592e+00 1.844592e+00 4.523976e+00 2.817838e+00 4.117906e+00 
# velocity (km/s)
     0.5                0.000000e+00 0.000000e+00 0.000000e+00 0.000000e+00 0.000000e+00 0.000000e+00 0.000000e+00 0.000000e+00 0.000000e+00 0.000000e+00 0.000000e+00 0.000000e+00 
     1.5                0.000000e+00 0.000000e+00 0.000000e+00 0.000000e+00 0.000000e+00 0.000000e+00 0.000000e+00 0.000000e+00 0.000000e+00 0.000000e+00 0.000000e+00 0.000000e+00 
     2.5                0.000000e+00 7.227164e-06 0.000000e+00 3.691004e-06 0.000000e+00 2.626137e-06 0.000000e+00 0.000000e+00 3.691004e-06 4.529913e-06 7.689505e-06 8.115134e-06 
     3.5                4.522618e-05 7.203075e-06 1.014538e-05 4.337084e-06 0.000000e+00 6.859178e-05 1.098856e-05 1.014538e-05 4.337084e-06 7.172380e-05 8.762072e-05 5.475028e-05 
     4.5                2.132699e-04 7.149303e-05 9.044056e-05 9.705452e-05 2.950326e-05 9.764118e-05 1.217835e-04 9.044056e-05 9.705452e-05 2.402040e-04 3.197118e-04 3.484074e-04 
     5.5                6.751065e-04 1.167877e-04 2.471953e-04 2.413948e-04 2.221132e-05 4.579735e-04 3.502927e-04 2.471953e-04 2.413948e-04 7.538914e-04 9.631660e-04 9.795792e-04 
     6.5                1.214732e-03 4.392330e-04 6.334856e-04 7.260419e-04 1.182620e-04 7.986922e-04 7.610443e-04 6.334856e-04 7.260419e-04 1.741654e-03 2.000227e-03 2.270052e-03 
     7.5                2.720190e-03 1.207142e-03 1.468109e-03 1.541454e-03 1.494135e-04 2.765478e-03 1.539298e-03 1.468109e-03 1.541454e-03 4.553181e-03 5.169848e-03 5.300606e-03 
     8.5                4.963340e-03 2.612326e-03 3.006671e-03 3.110140e-03 2.555117e-04 5.692366e-03 2.940271e-03 3.006671e-03 3.110140e-03 9.313665e-03 1.023407e-02 1.053241e-02 
     9.5                7.640456e-03 4.092598e-03 5.105011e-03 5.165873e-03 3.543318e-04 1.052555e-02 4.654163e-03 5.105011e-03 5.165873e-03 1.633563e-02 1.685533e-02 1.697926e-02 
    10.5                9.668994e-03 5.446390e-03 7.466012e-03 7.829834e-03 3.656868e-04 1.546008e-02 6.128787e-03 7.466012e-03 7.829834e-03 2.391581e-02 2.299468e-02 2.325250e-02 
    11.5                1.459756e-02 6.528138e-03 1.073772e-02 1.091305e-02 3.278914e-04 2.367040e-02 9.252210e-03 1.073772e-02 1.091305e-02 3.502202e-02 3.374799e-02 3.291786e-02 
    12.5                1.751663e-02 7.767965e-03 1.490989e-02 1.552640e-02 4.579433e-04 3.278062e-02 1.193573e-02 1.490989e-02 1.552640e-02 4.869062e-02 4.393694e-02 4.285176e-02 
    13.5                2.128441e-02 9.348554e-03 2.018797e-02 2.060942e-02 3.270045e-04 4.427365e-02 1.563031e-02 2.018797e-02 2.060942e-02 6.520210e-02 5.702022e-02 5.550404e-02 
    14.5                2.730423e-02 9.777671e-03 2.562921e-02 2.636660e-02 2.931739e-04 5.527293e-02 2.012070e-02 2.562921e-02 2.636660e-02 8.188002e-02 7.063948e-02 6.955131e-02 
    15.5                3.198443e-02 1.024395e-02 3.198272e-02 3.251544e-02 3.102891e-04 6.869717e-02 2.487480e-02 3.198272e-02 3.251544e-02 1.019406e-01 8.558567e-02 8.416398e-02 
    16.5                3.437887e-02 1.023646e-02 3.887817e-02 4.024492e-02 3.485517e-04 7.929593e-02 2.910300e-02 3.887817e-02 4.024492e-02 1.203719e-01 9.659095e-02 9.783798e-02 
    17.5                3.947587e-02 9.759287e-03 4.581742e-02 4.660525e-02 2.802646e-04 8.961474e-02 3.513120e-02 4.581742e-02 4.660525e-02 1.381913e-01 1.089659e-01 1.133983e-01 
    18.5                3.980414e-02 8.887610e-03 5.275497e-02 5.376074e-02 2.799989e-04 9.819153e-02 3.951845e-02 5.275497e-02 5.376074e-02 1.550822e-01 1.171180e-01 1.257235e-01 
    19.5                3.949203e-02 7.549640e-03 5.991924e-02 6.122293e-02 2.834264e-04 1.039569e-01 4.402564e-02 5.991924e-02 6.122293e-02 1.701231e-01 1.217996e-01 1.377484e-01 
    20.5                4.228185e-02 5.792267e-03 6.581119e-02 6.689149e-02 2.703419e-04 1.107825e-01 4.911455e-02 6.581119e-02 6.689149e-02 1.842370e-01 1.292992e-01 1.500727e-01 
    21.5                4.266453e-02 3.958262e-03 7.289425e-02 7.389895e-02 2.537640e-04 1.151236e-01 5.414564e-02 7.289425e-02 7.389895e-02 1.978864e-01 1.328178e-01 1.618699e-01 
    22.5                4.362991e-02 2.157401e-03 7.895617e-02 8.014229e-02 2.920140e-04 1.176034e-01 5.914381e-02 7.895617e-02 8.014229e-02 2.093154e-01 1.353851e-01 1.726767e-01 
    23.5                4.609902e-02 7.490510e-04 8.458261e-02 8.502218e-02 2.447074e-04 1.184826e-01 6.436975e-02 8.458261e-02 8.502218e-02 2.182200e-01 1.365534e-01 1.829665e-01 
    24.5                4.720745e-02 9.382402e-05 8.750557e-02 8.855478e-02 2.364082e-04 1.137650e-01 6.734027e-02 8.750557e-02 8.855478e-02 2.200459e-01 1.317200e-01 1.877972e-01 
    25.5                4.984923e-02 9.598086e-07 9.039448e-02 9.065622e-02 2.203994e-04 1.110516e-01 7.070460e-02 9.039448e-02 9.065622e-02 2.224744e-01 1.294735e-01 1.923458e-01 
    26.5                5.318558e-02 0.000000e+00 9.205345e-02 9.279047e-02 1.968205e-04 1.068789e-01 7.336985e-02 9.205345e-02 9.279047e-02 2.231137e-01 1.265779e-01 1.961481e-01 
    27.5                5.593804e-02 0.000000e+00 9.307265e-02 9.328324e-02 1.862613e-04 9.957374e-02 7.584684e-02 9.307265e-02 9.328324e-02 2.196454e-01 1.208181e-01 1.978343e-01 
    28.5                5.727651e-02 0.000000e+00 9.208713e-02 9.190751e-02 1.752676e-04 9.147357e-02 7.633589e-02 9.208713e-02 9.190751e-02 2.126194e-01 1.138480e-01 1.950375e-01 
    29.5                6.022649e-02 0.000000e+00 9.169261e-02 9.166756e-02 1.474238e-04 8.529298e-02 7.765312e-02 9.169261e-02 9.166756e-02 2.086098e-01 1.100201e-01 1.949181e-01 
    30.5                6.013031e-02 0.000000e+00 8.799495e-02 8.759639e-02 1.234167e-04 7.673231e-02 7.583981e-02 8.799495e-02 8.759639e-02 1.970153e-01 1.023993e-01 1.870275e-01 
    31.5                6.012941e-02 0.000000e+00 8.393394e-02 8.347031e-02 1.215998e-04 6.789304e-02 7.381490e-02 8.393394e-02 8.347031e-02 1.851679e-01 9.499922e-02 1.789575e-01 
    32.5                5.925740e-02 0.000000e+00 7.897823e-02 7.824646e-02 1.012450e-04 5.898979e-02 7.086230e-02 7.897823e-02 7.824646e-02 1.717000e-01 8.740901e-02 1.688482e-01 
    33.5                5.802594e-02 0.000000e+00 7.321220e-02 7.241722e-02 8.282139e-05 5.024268e-02 6.716312e-02 7.321220e-02 7.241722e-02 1.569716e-01 7.999888e-02 1.574287e-01 
    34.5                5.579860e-02 0.000000e+00 6.725776e-02 6.576400e-02 7.131355e-05 4.246571e-02 6.295417e-02 6.725776e-02 6.576400e-02 1.419528e-01 7.290248e-02 1.447529e-01 
    35.5                5.115907e-02 0.000000e+00 5.876011e-02 5.778426e-02 5.748059e-05 3.439218e-02 5.602092e-02 5.876011e-02 5.778426e-02 1.232412e-01 6.382809e-02 1.276309e-01 
    36.5                4.659269e-02 0.000000e+00 5.102329e-02 4.995391e-02 4.442772e-05 2.718744e-02 4.963327e-02 5.102329e-02 4.995391e-02 1.058473e-01 5.562979e-02 1.114736e-01 
    37.5                4.187432e-02 0.000000e+00 4.402293e-02 4.274179e-02 3.200650e-05 2.096440e-02 4.368261e-02 4.402293e-02 4.274179e-02 9.011733e-02 4.805415e-02 9.651665e-02 
    38.5                3.628164e-02 0.000000e+00 3.642456e-02 3.530000e-02 2.451103e-05 1.558491e-02 3.685073e-02 3.642456e-02 3.530000e-02 7.396919e-02 4.034159e-02 8.049413e-02 
    39.5                3.060889e-02 0.000000e+00 2.934837e-02 2.829588e-02 1.948668e-05 1.124814e-02 3.028392e-02 2.934837e-02 2.829588e-02 5.913646e-02 3.319500e-02 6.535113e-02 
    40.5                2.489361e-02 0.000000e+00 2.295859e-02 2.186444e-02 9.181900e-06 7.689255e-03 2.415589e-02 2.295859e-02 2.186444e-02 4.570448e-02 2.640992e-02 5.132017e-02 
    41.5                1.882903e-02 0.000000e+00 1.661908e-02 1.573426e-02 7.227022e-06 4.834206e-03 1.783463e-02 1.661908e-02 1.573426e-02 3.284478e-02 1.964344e-02 3.746319e-02 
    42.5                1.333010e-02 0.000000e+00 1.133607e-02 1.066547e-02 4.893796e-06 2.823986e-03 1.237957e-02 1.133607e-02 1.066547e-02 2.224707e-02 1.372713e-02 2.573908e-02 
    43.5                9.107442e-03 0.000000e+00 7.508204e-03 6.876129e-03 2.428182e-06 1.495250e-03 8.368365e-03 7.508204e-03 6.876129e-03 1.448981e-02 9.272777e-03 1.703267e-02 
    44.5                5.375488e-03 0.000000e+00 4.236449e-03 3.915201e-03 1.408209e-06 6.931548e-04 4.804759e-03 4.236449e-03 3.915201e-03 8.195905e-03 5.439581e-03 9.767679e-03 
    45.5                2.739096e-03 0.000000e+00 2.095487e-03 1.881585e-03 4.651812e-07 2.643230e-04 2.423210e-03 2.095487e-03 1.881585e-03 3.995727e-03 2.760908e-03 4.831216e-03 
    46.5                1.010781e-03 0.000000e+00 7.856510e-04 6.339822e-04 2.586812e-07 7.242676e-05 9.218617e-04 7.856510e-04 6.339822e-04 1.425352e-03 1.016624e-03 1.743403e-03 
    47.5                2.268563e-04 0.000000e+00 1.768448e-04 1.316229e-04 5.498134e-08 9.118406e-06 2.110723e-04 1.768448e-04 1.316229e-04 3.086923e-04 2.271603e-04 3.829297e-04 
    48.5                3.277208e-05 0.000000e+00 2.432225e-05 1.932659e-05 1.735183e-08 5.981789e-07 2.933641e-05 2.432225e-05 1.932659e-05 4.365555e-05 3.278107e-05 5.458353e-05 
    49.5                0.000000e+00 0.000000e+00 0.000000e+00 0.000000e+00 0.000000e+00 0.000000e+00 0.000000e+00 0.000000e+00 0.000000e+00 0.000000e+00 0.000000e+00 0.000000e+00 
    50.5                0.000000e+00 0.000000e+00 0.000000e+00 0.000000e+00 0.000000e+00 0.000000e+00 0.000000e+00 0.000000e+00 0.000000e+00 0.000000e+00 0.000000e+00 0.000000e+00 
    51.5                0.000000e+00 0.000000e+00 0.000000e+00 0.000000e+00 0.000000e+00 0.000000e+00 0.000000e+00 0.000000e+00 0.000000e+00 0.000000e+00 0.000000e+00 0.000000e+00 
    52.5                0.000000e+00 0.000000e+00 0.000000e+00 0.000000e+00 0.000000e+00 0.000000e+00 0.000000e+00 0.000000e+00 0.000000e+00 0.000000e+00 0.000000e+00 0.000000e+00 
    53.5                0.000000e+00 0.000000e+00 0.000000e+00 0.000000e+00 0.000000e+00 0.000000e+00 0.000000e+00 0.000000e+00 0.000000e+00 0.000000e+00 0.000000e+00 0.000000e+00 
    54.5                0.000000e+00 0.000000e+00 0.000000e+00 0.000000e+00 0.000000e+00 0.000000e+00 0.000000e+00 0.000000e+00 0.000000e+00 0.000000e+00 0.000000e+00 0.000000e+00 
    55.5                0.000000e+00 0.000000e+00 0.000000e+00 0.000000e+00 0.000000e+00 0.000000e+00 0.000000e+00 0.000000e+00 0.000000e+00 0.000000e+00 0.000000e+00 0.000000e+00 
    56.5                0.000000e+00 0.000000e+00 0.000000e+00 0.000000e+00 0.000000e+00 0.000000e+00 0.000000e+00 0.000000e+00 0.000000e+00 0.000000e+00 0.000000e+00 0.000000e+00 
    57.5                0.000000e+00 0.000000e+00 0.000000e+00 0.000000e+00 0.000000e+00 0.000000e+00 0.000000e+00 0.000000e+00 0.000000e+00 0.000000e+00 0.000000e+00 0.000000e+00 
    58.5                0.000000e+00 0.000000e+00 0.000000e+00 0.000000e+00 0.000000e+00 0.000000e+00 0.000000e+00 0.000000e+00 0.000000e+00 0.000000e+00 0.000000e+00 0.000000e+00 
    59.5                0.000000e+00 0.000000e+00 0.000000e+00 0.000000e+00 0.000000e+00 0.000000e+00 0.000000e+00 0.000000e+00 0.000000e+00 0.000000e+00 0.000000e+00 0.000000e+00 
    60.5                0.000000e+00 0.000000e+00 0.000000e+00 0.000000e+00 0.000000e+00 0.000000e+00 0.000000e+00 0.000000e+00 0.000000e+00 0.000000e+00 0.000000e+00 0.000000e+00 
    61.5                0.000000e+00 0.000000e+00 0.000000e+00 0.000000e+00 0.000000e+00 0.000000e+00 0.000000e+00 0.000000e+00 0.000000e+00 0.000000e+00 0.000000e+00 0.000000e+00 
    62.5                0.000000e+00 0.000000e+00 0.000000e+00 0.000000e+00 0.000000e+00 0.000000e+00 0.000000e+00 0.000000e+00 0.000000e+00 0.000000e+00 0.000000e+00 0.000000e+00 
    63.5                0.000000e+00 0.000000e+00 0.000000e+00 0.000000e+00 0.000000e+00 0.000000e+00 0.000000e+00 0.000000e+00 0.000000e+00 0.000000e+00 0.000000e+00 0.000000e+00 
    64.5                0.000000e+00 0.000000e+00 0.000000e+00 0.000000e+00 0.000000e+00 0.000000e+00 0.000000e+00 0.000000e+00 0.000000e+00 0.000000e+00 0.000000e+00 0.000000e+00 
    65.5                0.000000e+00 0.000000e+00 0.000000e+00 0.000000e+00 0.000000e+00 0.000000e+00 0.000000e+00 0.000000e+00 0.000000e+00 0.000000e+00 0.000000e+00 0.000000e+00 
    66.5                0.000000e+00 0.000000e+00 0.000000e+00 0.000000e+00 0.000000e+00 0.000000e+00 0.000000e+00 0.000000e+00 0.000000e+00 0.000000e+00 0.000000e+00 0.000000e+00 
    67.5                0.000000e+00 0.000000e+00 0.000000e+00 0.000000e+00 0.000000e+00 0.000000e+00 0.000000e+00 0.000000e+00 0.000000e+00 0.000000e+00 0.000000e+00 0.000000e+00 
    68.5                0.000000e+00 0.000000e+00 0.000000e+00 0.000000e+00 0.000000e+00 0.000000e+00 0.000000e+00 0.000000e+00 0.000000e+00 0.000000e+00 0.000000e+00 0.000000e+00 
    69.5                0.000000e+00 0.000000e+00 0.000000e+00 0.000000e+00 0.000000e+00 0.000000e+00 0.000000e+00 0.000000e+00 0.000000e+00 0.000000e+00 0.000000e+00 0.000000e+00 
    70.5                0.000000e+00 0.000000e+00 0.000000e+00 0.000000e+00 0.000000e+00 0.000000e+00 0.000000e+00 0.000000e+00 0.000000e+00 0.000000e+00 0.000000e+00 0.000000e+00 
    71.5                0.000000e+00 0.000000e+00 0.000000e+00 0.000000e+00 0.000000e+00 0.000000e+00 0.000000e+00 0.000000e+00 0.000000e+00 0.000000e+00 0.000000e+00 0.000000e+00 
    72.5                0.000000e+00 0.000000e+00 0.000000e+00 0.000000e+00 0.000000e+00 0.000000e+00 0.000000e+00 0.000000e+00 0.000000e+00 0.000000e+00 0.000000e+00 0.000000e+00 
    73.5                0.000000e+00 0.000000e+00 0.000000e+00 0.000000e+00 0.000000e+00 0.000000e+00 0.000000e+00 0.000000e+00 0.000000e+00 0.000000e+00 0.000000e+00 0.000000e+00 
    74.5                0.000000e+00 0.000000e+00 0.000000e+00 0.000000e+00 0.000000e+00 0.000000e+00 0.000000e+00 0.000000e+00 0.000000e+00 0.000000e+00 0.000000e+00 0.000000e+00 
    75.5                0.000000e+00 0.000000e+00 0.000000e+00 0.000000e+00 0.000000e+00 0.000000e+00 0.000000e+00 0.000000e+00 0.000000e+00 0.000000e+00 0.000000e+00 0.000000e+00 
    76.5                0.000000e+00 0.000000e+00 0.000000e+00 0.000000e+00 0.000000e+00 0.000000e+00 0.000000e+00 0.000000e+00 0.000000e+00 0.000000e+00 0.000000e+00 0.000000e+00 
    77.5                0.000000e+00 0.000000e+00 0.000000e+00 0.000000e+00 0.000000e+00 0.000000e+00 0.000000e+00 0.000000e+00 0.000000e+00 0.000000e+00 0.000000e+00 0.000000e+00 
    78.5                0.000000e+00 0.000000e+00 0.000000e+00 0.000000e+00 0.000000e+00 0.000000e+00 0.000000e+00 0.000000e+00 0.000000e+00 0.000000e+00 0.000000e+00 0.000000e+00 
    79.5                0.000000e+00 0.000000e+00 0.000000e+00 0.000000e+00 0.000000e+00 0.000000e+00 0.000000e+00 0.000000e+00 0.000000e+00 0.000000e+00 0.000000e+00 0.000000e+00 


