# 80 rows of flux data
# 12 columns of flux data
# 
# total cross-sectional flux  4.491656e+00 /m^2/yr
#
#                             +x ram      -x wake      +y port -y starboard    +z zenith     -z nadir        Earth          Sun     anti-Sun      rot (x)      rot (y)      rot (z) 
# average speed (km/s)         26.64        14.14        25.88        25.89        23.78        23.77        26.07        25.88        25.89        25.24        24.22        25.52 
# total flux (#/m2/yr)  1.187099e+00 1.597757e-01 1.753830e+00 1.753835e+00 9.312396e-01 9.310414e-01 1.722278e+00 1.753844e+00 1.753854e+00 4.169750e+00 2.491978e+00 3.902305e+00 
# velocity (km/s)
     0.5                0.000000e+00 0.000000e+00 0.000000e+00 0.000000e+00 0.000000e+00 0.000000e+00 0.000000e+00 0.000000e+00 0.000000e+00 0.000000e+00 0.000000e+00 0.000000e+00 
     1.5                0.000000e+00 0.000000e+00 0.000000e+00 0.000000e+00 0.000000e+00 0.000000e+00 0.000000e+00 0.000000e+00 0.000000e+00 0.000000e+00 0.000000e+00 0.000000e+00 
     2.5                5.267852e-05 1.806791e-06 6.443453e-06 6.350819e-06 4.038567e-06 3.277630e-06 1.317208e-05 6.428359e-06 6.350595e-06 1.514698e-05 5.522016e-05 5.610321e-05 
     3.5                2.665533e-04 2.351464e-05 6.203830e-05 6.535135e-05 5.055639e-05 5.836275e-05 8.796567e-05 6.197446e-05 6.527469e-05 1.867054e-04 3.201011e-04 3.271679e-04 
     4.5                9.466475e-04 1.954996e-04 3.344797e-04 3.220661e-04 2.070048e-04 2.390177e-04 4.277132e-04 3.343567e-04 3.218683e-04 8.624937e-04 1.265742e-03 1.371794e-03 
     5.5                3.078380e-03 7.258733e-04 1.242042e-03 1.154876e-03 9.275593e-04 9.823997e-04 1.496092e-03 1.241754e-03 1.154598e-03 3.379064e-03 4.446721e-03 4.767646e-03 
     6.5                4.554167e-03 1.463424e-03 2.385292e-03 2.354929e-03 1.793314e-03 1.704425e-03 2.707358e-03 2.385458e-03 2.355106e-03 6.452814e-03 7.369379e-03 8.200785e-03 
     7.5                8.091304e-03 3.918257e-03 4.667235e-03 4.568900e-03 3.765227e-03 3.783907e-03 5.105921e-03 4.666726e-03 4.568899e-03 1.311382e-02 1.508768e-02 1.642467e-02 
     8.5                1.003017e-02 8.594579e-03 7.664951e-03 7.488839e-03 5.886806e-03 5.956626e-03 7.927983e-03 7.664985e-03 7.488661e-03 2.110211e-02 2.360898e-02 2.622515e-02 
     9.5                1.299281e-02 1.172508e-02 1.155654e-02 1.135335e-02 9.101983e-03 8.974384e-03 1.156084e-02 1.155667e-02 1.135335e-02 3.202102e-02 3.281356e-02 3.669326e-02 
    10.5                1.668374e-02 1.278840e-02 1.590056e-02 1.568842e-02 1.241380e-02 1.225119e-02 1.578183e-02 1.590052e-02 1.568815e-02 4.391210e-02 4.123630e-02 4.682342e-02 
    11.5                1.878747e-02 1.360428e-02 2.032857e-02 2.020915e-02 1.587826e-02 1.576965e-02 2.013605e-02 2.032878e-02 2.021021e-02 5.627540e-02 4.862875e-02 5.607031e-02 
    12.5                2.128481e-02 1.330942e-02 2.467597e-02 2.458654e-02 1.941992e-02 1.908615e-02 2.416820e-02 2.467613e-02 2.458664e-02 6.823779e-02 5.565975e-02 6.489176e-02 
    13.5                2.312575e-02 1.378549e-02 3.030928e-02 2.995981e-02 2.336286e-02 2.308140e-02 2.934657e-02 3.030982e-02 2.996054e-02 8.283591e-02 6.384307e-02 7.593535e-02 
    14.5                2.664116e-02 1.352397e-02 3.547502e-02 3.547467e-02 2.660079e-02 2.680166e-02 3.447095e-02 3.547508e-02 3.547464e-02 9.626815e-02 7.213623e-02 8.756131e-02 
    15.5                2.883141e-02 1.303333e-02 4.162383e-02 4.121112e-02 3.053744e-02 3.099087e-02 4.024655e-02 4.162377e-02 4.121096e-02 1.116884e-01 8.023674e-02 9.935935e-02 
    16.5                3.051073e-02 1.228494e-02 4.716406e-02 4.734825e-02 3.475298e-02 3.434253e-02 4.513268e-02 4.716430e-02 4.734842e-02 1.261511e-01 8.745629e-02 1.105496e-01 
    17.5                3.340282e-02 1.097610e-02 5.296331e-02 5.289892e-02 3.736249e-02 3.748559e-02 5.089586e-02 5.296362e-02 5.289936e-02 1.391463e-01 9.413208e-02 1.224672e-01 
    18.5                3.151178e-02 9.647615e-03 5.824006e-02 5.827259e-02 3.927694e-02 4.014517e-02 5.539953e-02 5.823969e-02 5.827296e-02 1.505449e-01 9.641469e-02 1.302173e-01 
    19.5                3.333297e-02 7.781108e-03 6.352495e-02 6.380251e-02 4.271565e-02 4.195882e-02 6.017169e-02 6.352542e-02 6.380236e-02 1.626582e-01 1.014324e-01 1.407538e-01 
    20.5                3.263491e-02 5.815098e-03 6.706626e-02 6.735246e-02 4.382162e-02 4.365130e-02 6.346171e-02 6.706633e-02 6.735293e-02 1.701995e-01 1.026995e-01 1.463449e-01 
    21.5                3.405034e-02 3.811012e-03 7.212235e-02 7.230772e-02 4.539091e-02 4.516617e-02 6.820436e-02 7.212218e-02 7.230768e-02 1.800217e-01 1.055941e-01 1.554723e-01 
    22.5                3.500475e-02 2.021465e-03 7.659264e-02 7.674340e-02 4.618182e-02 4.621293e-02 7.255019e-02 7.659297e-02 7.674362e-02 1.881579e-01 1.071896e-01 1.634064e-01 
    23.5                3.630671e-02 6.665939e-04 7.955867e-02 7.983516e-02 4.595582e-02 4.640908e-02 7.554140e-02 7.955838e-02 7.983499e-02 1.928107e-01 1.067606e-01 1.687343e-01 
    24.5                3.850221e-02 7.815218e-05 8.134665e-02 8.166540e-02 4.498474e-02 4.511568e-02 7.754990e-02 8.134691e-02 8.166569e-02 1.939768e-01 1.048858e-01 1.717840e-01 
    25.5                4.153569e-02 7.200380e-07 8.277383e-02 8.283712e-02 4.416603e-02 4.428581e-02 7.932481e-02 8.277375e-02 8.283748e-02 1.949202e-01 1.039010e-01 1.742995e-01 
    26.5                4.421567e-02 0.000000e+00 8.293980e-02 8.351112e-02 4.257637e-02 4.286606e-02 7.989995e-02 8.294010e-02 8.351147e-02 1.935753e-01 1.016988e-01 1.750451e-01 
    27.5                4.639027e-02 0.000000e+00 8.213908e-02 8.229000e-02 4.026081e-02 4.045735e-02 7.963742e-02 8.213914e-02 8.229037e-02 1.887694e-01 9.801882e-02 1.732206e-01 
    28.5                4.816765e-02 0.000000e+00 8.052910e-02 8.077373e-02 3.776210e-02 3.790023e-02 7.856871e-02 8.052947e-02 8.077424e-02 1.828920e-01 9.402891e-02 1.701426e-01 
    29.5                5.018962e-02 0.000000e+00 7.877729e-02 7.898814e-02 3.560085e-02 3.560094e-02 7.738367e-02 7.877781e-02 7.898887e-02 1.772586e-01 9.104393e-02 1.669861e-01 
    30.5                5.048892e-02 0.000000e+00 7.506186e-02 7.510699e-02 3.270212e-02 3.267331e-02 7.423607e-02 7.506238e-02 7.510758e-02 1.673383e-01 8.598509e-02 1.595197e-01 
    31.5                5.045218e-02 0.000000e+00 7.085281e-02 7.100414e-02 2.944233e-02 2.952062e-02 7.059862e-02 7.085347e-02 7.100497e-02 1.565234e-01 8.050396e-02 1.513798e-01 
    32.5                4.984040e-02 0.000000e+00 6.607662e-02 6.600445e-02 2.621056e-02 2.628000e-02 6.637380e-02 6.607717e-02 6.600528e-02 1.445447e-01 7.492418e-02 1.418189e-01 
    33.5                4.859519e-02 0.000000e+00 6.044213e-02 6.064615e-02 2.299085e-02 2.293599e-02 6.122245e-02 6.044301e-02 6.064708e-02 1.314617e-01 6.906935e-02 1.310020e-01 
    34.5                4.606947e-02 0.000000e+00 5.449876e-02 5.432307e-02 1.982678e-02 1.977581e-02 5.561950e-02 5.449991e-02 5.432422e-02 1.174283e-01 6.264589e-02 1.185641e-01 
    35.5                4.236706e-02 0.000000e+00 4.759607e-02 4.749030e-02 1.657623e-02 1.655729e-02 4.898346e-02 4.759693e-02 4.749152e-02 1.019646e-01 5.533470e-02 1.043794e-01 
    36.5                3.868504e-02 0.000000e+00 4.118828e-02 4.103521e-02 1.369890e-02 1.367264e-02 4.275971e-02 4.118935e-02 4.103641e-02 8.767393e-02 4.865806e-02 9.107806e-02 
    37.5                3.455218e-02 0.000000e+00 3.502053e-02 3.487808e-02 1.105257e-02 1.102226e-02 3.666938e-02 3.502147e-02 3.487904e-02 7.410550e-02 4.203890e-02 7.811830e-02 
    38.5                2.994673e-02 0.000000e+00 2.885884e-02 2.877940e-02 8.718357e-03 8.628690e-03 3.048329e-02 2.885979e-02 2.878064e-02 6.083445e-02 3.544694e-02 6.505242e-02 
    39.5                2.501994e-02 0.000000e+00 2.297820e-02 2.280010e-02 6.615346e-03 6.530812e-03 2.448559e-02 2.297926e-02 2.280112e-02 4.814927e-02 2.892962e-02 5.224040e-02 
    40.5                2.009268e-02 0.000000e+00 1.759424e-02 1.743809e-02 4.801067e-03 4.707438e-03 1.891215e-02 1.759517e-02 1.743918e-02 3.669336e-02 2.273837e-02 4.043007e-02 
    41.5                1.500494e-02 0.000000e+00 1.256485e-02 1.242393e-02 3.263938e-03 3.179516e-03 1.362799e-02 1.256567e-02 1.242479e-02 2.610111e-02 1.670577e-02 2.917383e-02 
    42.5                1.069993e-02 0.000000e+00 8.556038e-03 8.484244e-03 2.135825e-03 2.055337e-03 9.361884e-03 8.556699e-03 8.484984e-03 1.775901e-02 1.175516e-02 2.013588e-02 
    43.5                7.103717e-03 0.000000e+00 5.478305e-03 5.353740e-03 1.290066e-03 1.212137e-03 6.049060e-03 5.478872e-03 5.354354e-03 1.126266e-02 7.710101e-03 1.296131e-02 
    44.5                4.127379e-03 0.000000e+00 3.033011e-03 2.995423e-03 6.963451e-04 6.294896e-04 3.377278e-03 3.033418e-03 2.995857e-03 6.261702e-03 4.440954e-03 7.309872e-03 
    45.5                2.051219e-03 0.000000e+00 1.451490e-03 1.427713e-03 3.272593e-04 2.770126e-04 1.630006e-03 1.451763e-03 1.428049e-03 2.988780e-03 2.193003e-03 3.536796e-03 
    46.5                7.029571e-04 0.000000e+00 4.894442e-04 4.619223e-04 1.045090e-04 8.498176e-05 5.551404e-04 4.895381e-04 4.620611e-04 9.873734e-04 7.474296e-04 1.183496e-03 
    47.5                1.567877e-04 0.000000e+00 1.059277e-04 9.972276e-05 2.437335e-05 1.575400e-05 1.202944e-04 1.059770e-04 9.976055e-05 2.133618e-04 1.662224e-04 2.586686e-04 
    48.5                1.870840e-05 0.000000e+00 1.202658e-05 1.191628e-05 3.440953e-06 1.282023e-06 1.368477e-05 1.203597e-05 1.192767e-05 2.488581e-05 1.983579e-05 3.039294e-05 
    49.5                0.000000e+00 0.000000e+00 0.000000e+00 0.000000e+00 0.000000e+00 0.000000e+00 0.000000e+00 0.000000e+00 0.000000e+00 0.000000e+00 0.000000e+00 0.000000e+00 
    50.5                0.000000e+00 0.000000e+00 0.000000e+00 0.000000e+00 0.000000e+00 0.000000e+00 0.000000e+00 0.000000e+00 0.000000e+00 0.000000e+00 0.000000e+00 0.000000e+00 
    51.5                0.000000e+00 0.000000e+00 0.000000e+00 0.000000e+00 0.000000e+00 0.000000e+00 0.000000e+00 0.000000e+00 0.000000e+00 0.000000e+00 0.000000e+00 0.000000e+00 
    52.5                0.000000e+00 0.000000e+00 0.000000e+00 0.000000e+00 0.000000e+00 0.000000e+00 0.000000e+00 0.000000e+00 0.000000e+00 0.000000e+00 0.000000e+00 0.000000e+00 
    53.5                0.000000e+00 0.000000e+00 0.000000e+00 0.000000e+00 0.000000e+00 0.000000e+00 0.000000e+00 0.000000e+00 0.000000e+00 0.000000e+00 0.000000e+00 0.000000e+00 
    54.5                0.000000e+00 0.000000e+00 0.000000e+00 0.000000e+00 0.000000e+00 0.000000e+00 0.000000e+00 0.000000e+00 0.000000e+00 0.000000e+00 0.000000e+00 0.000000e+00 
    55.5                0.000000e+00 0.000000e+00 0.000000e+00 0.000000e+00 0.000000e+00 0.000000e+00 0.000000e+00 0.000000e+00 0.000000e+00 0.000000e+00 0.000000e+00 0.000000e+00 
    56.5                0.000000e+00 0.000000e+00 0.000000e+00 0.000000e+00 0.000000e+00 0.000000e+00 0.000000e+00 0.000000e+00 0.000000e+00 0.000000e+00 0.000000e+00 0.000000e+00 
    57.5                0.000000e+00 0.000000e+00 0.000000e+00 0.000000e+00 0.000000e+00 0.000000e+00 0.000000e+00 0.000000e+00 0.000000e+00 0.000000e+00 0.000000e+00 0.000000e+00 
    58.5                0.000000e+00 0.000000e+00 0.000000e+00 0.000000e+00 0.000000e+00 0.000000e+00 0.000000e+00 0.000000e+00 0.000000e+00 0.000000e+00 0.000000e+00 0.000000e+00 
    59.5                0.000000e+00 0.000000e+00 0.000000e+00 0.000000e+00 0.000000e+00 0.000000e+00 0.000000e+00 0.000000e+00 0.000000e+00 0.000000e+00 0.000000e+00 0.000000e+00 
    60.5                0.000000e+00 0.000000e+00 0.000000e+00 0.000000e+00 0.000000e+00 0.000000e+00 0.000000e+00 0.000000e+00 0.000000e+00 0.000000e+00 0.000000e+00 0.000000e+00 
    61.5                0.000000e+00 0.000000e+00 0.000000e+00 0.000000e+00 0.000000e+00 0.000000e+00 0.000000e+00 0.000000e+00 0.000000e+00 0.000000e+00 0.000000e+00 0.000000e+00 
    62.5                0.000000e+00 0.000000e+00 0.000000e+00 0.000000e+00 0.000000e+00 0.000000e+00 0.000000e+00 0.000000e+00 0.000000e+00 0.000000e+00 0.000000e+00 0.000000e+00 
    63.5                0.000000e+00 0.000000e+00 0.000000e+00 0.000000e+00 0.000000e+00 0.000000e+00 0.000000e+00 0.000000e+00 0.000000e+00 0.000000e+00 0.000000e+00 0.000000e+00 
    64.5                0.000000e+00 0.000000e+00 0.000000e+00 0.000000e+00 0.000000e+00 0.000000e+00 0.000000e+00 0.000000e+00 0.000000e+00 0.000000e+00 0.000000e+00 0.000000e+00 
    65.5                0.000000e+00 0.000000e+00 0.000000e+00 0.000000e+00 0.000000e+00 0.000000e+00 0.000000e+00 0.000000e+00 0.000000e+00 0.000000e+00 0.000000e+00 0.000000e+00 
    66.5                0.000000e+00 0.000000e+00 0.000000e+00 0.000000e+00 0.000000e+00 0.000000e+00 0.000000e+00 0.000000e+00 0.000000e+00 0.000000e+00 0.000000e+00 0.000000e+00 
    67.5                0.000000e+00 0.000000e+00 0.000000e+00 0.000000e+00 0.000000e+00 0.000000e+00 0.000000e+00 0.000000e+00 0.000000e+00 0.000000e+00 0.000000e+00 0.000000e+00 
    68.5                0.000000e+00 0.000000e+00 0.000000e+00 0.000000e+00 0.000000e+00 0.000000e+00 0.000000e+00 0.000000e+00 0.000000e+00 0.000000e+00 0.000000e+00 0.000000e+00 
    69.5                0.000000e+00 0.000000e+00 0.000000e+00 0.000000e+00 0.000000e+00 0.000000e+00 0.000000e+00 0.000000e+00 0.000000e+00 0.000000e+00 0.000000e+00 0.000000e+00 
    70.5                0.000000e+00 0.000000e+00 0.000000e+00 0.000000e+00 0.000000e+00 0.000000e+00 0.000000e+00 0.000000e+00 0.000000e+00 0.000000e+00 0.000000e+00 0.000000e+00 
    71.5                0.000000e+00 0.000000e+00 0.000000e+00 0.000000e+00 0.000000e+00 0.000000e+00 0.000000e+00 0.000000e+00 0.000000e+00 0.000000e+00 0.000000e+00 0.000000e+00 
    72.5                0.000000e+00 0.000000e+00 0.000000e+00 0.000000e+00 0.000000e+00 0.000000e+00 0.000000e+00 0.000000e+00 0.000000e+00 0.000000e+00 0.000000e+00 0.000000e+00 
    73.5                0.000000e+00 0.000000e+00 0.000000e+00 0.000000e+00 0.000000e+00 0.000000e+00 0.000000e+00 0.000000e+00 0.000000e+00 0.000000e+00 0.000000e+00 0.000000e+00 
    74.5                0.000000e+00 0.000000e+00 0.000000e+00 0.000000e+00 0.000000e+00 0.000000e+00 0.000000e+00 0.000000e+00 0.000000e+00 0.000000e+00 0.000000e+00 0.000000e+00 
    75.5                0.000000e+00 0.000000e+00 0.000000e+00 0.000000e+00 0.000000e+00 0.000000e+00 0.000000e+00 0.000000e+00 0.000000e+00 0.000000e+00 0.000000e+00 0.000000e+00 
    76.5                0.000000e+00 0.000000e+00 0.000000e+00 0.000000e+00 0.000000e+00 0.000000e+00 0.000000e+00 0.000000e+00 0.000000e+00 0.000000e+00 0.000000e+00 0.000000e+00 
    77.5                0.000000e+00 0.000000e+00 0.000000e+00 0.000000e+00 0.000000e+00 0.000000e+00 0.000000e+00 0.000000e+00 0.000000e+00 0.000000e+00 0.000000e+00 0.000000e+00 
    78.5                0.000000e+00 0.000000e+00 0.000000e+00 0.000000e+00 0.000000e+00 0.000000e+00 0.000000e+00 0.000000e+00 0.000000e+00 0.000000e+00 0.000000e+00 0.000000e+00 
    79.5                0.000000e+00 0.000000e+00 0.000000e+00 0.000000e+00 0.000000e+00 0.000000e+00 0.000000e+00 0.000000e+00 0.000000e+00 0.000000e+00 0.000000e+00 0.000000e+00 


