# 80 rows of flux data
# 12 columns of flux data
# 
# total cross-sectional flux  2.005245e+00 /m^2/yr
#
#                             +x ram      -x wake      +y port -y starboard    +z zenith     -z nadir        Earth          Sun     anti-Sun      rot (x)      rot (y)      rot (z) 
# average speed (km/s)         43.70        11.39        29.17        29.32        31.51        31.53        26.06        29.27        29.21        30.62        36.64        37.52 
# total flux (#/m2/yr)  1.053970e+00 4.086971e-02 3.789668e-01 3.720435e-01 5.808905e-01 5.848171e-01 2.939708e-01 3.814205e-01 3.696190e-01 1.505481e+00 1.737411e+00 1.484078e+00 
# velocity (km/s)
     0.5                0.000000e+00 0.000000e+00 0.000000e+00 0.000000e+00 0.000000e+00 0.000000e+00 0.000000e+00 0.000000e+00 0.000000e+00 0.000000e+00 0.000000e+00 0.000000e+00 
     1.5                8.277624e-05 5.889087e-05 5.568065e-05 5.647740e-05 4.290083e-05 4.867043e-05 5.700801e-05 5.573537e-05 5.641709e-05 1.601295e-04 1.796359e-04 1.951040e-04 
     2.5                3.831098e-04 2.626458e-04 2.963438e-04 3.258844e-04 2.485740e-04 2.791396e-04 2.975905e-04 2.966544e-04 3.256146e-04 9.035162e-04 9.147201e-04 9.870325e-04 
     3.5                1.035708e-03 7.437278e-04 9.282184e-04 9.080245e-04 8.461957e-04 8.141110e-04 9.351207e-04 9.289337e-04 9.073341e-04 2.748512e-03 2.654037e-03 2.792358e-03 
     4.5                1.940539e-03 1.218128e-03 1.849890e-03 1.839578e-03 1.646455e-03 1.677706e-03 1.859284e-03 1.851517e-03 1.837726e-03 5.511894e-03 5.045449e-03 5.346919e-03 
     5.5                2.630021e-03 1.736392e-03 2.913526e-03 2.886589e-03 2.708266e-03 2.782314e-03 2.901330e-03 2.916008e-03 2.884768e-03 8.873688e-03 7.681909e-03 7.978559e-03 
     6.5                3.379057e-03 2.610127e-03 4.076503e-03 4.038431e-03 4.126916e-03 3.999869e-03 4.066663e-03 4.078262e-03 4.036487e-03 1.277682e-02 1.105233e-02 1.109214e-02 
     7.5                3.795222e-03 2.950804e-03 5.234679e-03 5.045444e-03 5.310083e-03 5.393522e-03 5.203415e-03 5.237018e-03 5.043719e-03 1.650924e-02 1.377896e-02 1.348016e-02 
     8.5                4.306235e-03 3.681231e-03 6.178829e-03 6.229438e-03 6.788459e-03 6.657306e-03 6.130791e-03 6.180218e-03 6.227818e-03 2.033776e-02 1.698003e-02 1.621603e-02 
     9.5                4.961533e-03 3.799893e-03 7.276082e-03 6.967433e-03 7.849529e-03 7.995661e-03 7.129278e-03 7.278969e-03 6.964730e-03 2.367440e-02 1.949914e-02 1.825320e-02 
    10.5                5.764940e-03 3.633388e-03 8.247025e-03 8.184779e-03 9.584859e-03 9.413637e-03 7.985890e-03 8.252246e-03 8.179736e-03 2.786809e-02 2.261483e-02 2.053368e-02 
    11.5                6.572156e-03 3.442329e-03 9.423529e-03 9.056793e-03 1.082276e-02 1.093535e-02 9.023590e-03 9.431349e-03 9.049547e-03 3.166577e-02 2.537583e-02 2.268958e-02 
    12.5                7.317326e-03 3.058966e-03 9.899284e-03 9.729025e-03 1.200375e-02 1.192900e-02 9.397386e-03 9.909513e-03 9.718751e-03 3.426865e-02 2.740951e-02 2.394212e-02 
    13.5                7.302293e-03 2.883088e-03 1.042257e-02 1.012901e-02 1.286842e-02 1.302666e-02 9.732097e-03 1.043338e-02 1.011854e-02 3.651926e-02 2.917197e-02 2.462780e-02 
    14.5                8.304741e-03 2.352451e-03 1.079720e-02 1.048898e-02 1.379469e-02 1.372963e-02 9.958359e-03 1.081188e-02 1.047501e-02 3.836488e-02 3.082672e-02 2.563679e-02 
    15.5                8.554200e-03 1.997276e-03 1.092912e-02 1.065447e-02 1.420640e-02 1.426600e-02 1.005360e-02 1.094484e-02 1.063862e-02 3.939548e-02 3.163284e-02 2.587291e-02 
    16.5                9.229418e-03 1.681249e-03 1.128043e-02 1.101306e-02 1.499435e-02 1.500788e-02 1.020136e-02 1.129902e-02 1.099531e-02 4.110654e-02 3.313868e-02 2.675129e-02 
    17.5                9.340505e-03 1.363496e-03 1.109841e-02 1.069540e-02 1.453697e-02 1.481717e-02 1.002554e-02 1.111741e-02 1.067599e-02 4.022190e-02 3.240669e-02 2.618419e-02 
    18.5                1.037564e-02 1.072274e-03 1.129923e-02 1.125050e-02 1.605825e-02 1.566530e-02 1.000677e-02 1.132154e-02 1.122801e-02 4.263102e-02 3.493026e-02 2.735323e-02 
    19.5                1.093759e-02 7.694778e-04 1.128367e-02 1.082273e-02 1.547380e-02 1.593364e-02 9.874952e-03 1.130857e-02 1.079868e-02 4.207907e-02 3.466804e-02 2.711211e-02 
    20.5                1.150754e-02 5.554559e-04 1.088619e-02 1.056748e-02 1.567469e-02 1.581226e-02 9.376068e-03 1.091291e-02 1.054146e-02 4.158687e-02 3.486975e-02 2.677626e-02 
    21.5                1.242887e-02 4.045133e-04 1.082116e-02 1.079900e-02 1.619240e-02 1.574306e-02 9.260989e-03 1.084979e-02 1.076973e-02 4.205060e-02 3.563917e-02 2.745957e-02 
    22.5                1.289877e-02 2.397929e-04 1.082956e-02 1.031779e-02 1.576244e-02 1.631973e-02 9.049649e-03 1.086105e-02 1.028832e-02 4.181311e-02 3.581892e-02 2.716456e-02 
    23.5                1.220752e-02 1.385648e-04 9.860112e-03 9.659524e-03 1.476252e-02 1.499330e-02 8.209806e-03 9.889556e-03 9.630855e-03 3.868151e-02 3.322708e-02 2.516417e-02 
    24.5                1.302029e-02 9.658577e-05 9.719221e-03 9.331426e-03 1.469454e-02 1.484406e-02 7.974115e-03 9.750844e-03 9.300822e-03 3.812932e-02 3.334857e-02 2.521598e-02 
    25.5                1.264898e-02 6.139065e-05 9.258657e-03 8.748678e-03 1.366907e-02 1.440515e-02 7.474873e-03 9.289538e-03 8.718952e-03 3.614203e-02 3.170778e-02 2.389076e-02 
    26.5                1.354633e-02 3.530903e-05 8.722428e-03 8.666872e-03 1.385537e-02 1.367163e-02 7.049403e-03 8.754902e-03 8.634288e-03 3.526413e-02 3.162823e-02 2.394176e-02 
    27.5                1.285663e-02 1.679885e-05 8.137802e-03 7.874691e-03 1.260283e-02 1.281195e-02 6.533943e-03 8.169173e-03 7.844238e-03 3.252718e-02 2.927342e-02 2.220641e-02 
    28.5                1.342890e-02 5.088997e-06 7.764187e-03 7.502982e-03 1.228372e-02 1.244540e-02 6.114086e-03 7.796834e-03 7.470993e-03 3.140353e-02 2.894361e-02 2.199427e-02 
    29.5                1.338241e-02 3.736012e-07 7.174842e-03 6.995278e-03 1.192524e-02 1.197433e-02 5.466097e-03 7.207392e-03 6.963393e-03 2.985668e-02 2.812077e-02 2.102899e-02 
    30.5                1.288319e-02 0.000000e+00 6.750248e-03 6.575720e-03 1.120658e-02 1.133601e-02 5.169147e-03 6.781460e-03 6.544899e-03 2.814727e-02 2.665351e-02 1.991033e-02 
    31.5                1.361365e-02 0.000000e+00 6.404886e-03 6.379387e-03 1.123665e-02 1.105093e-02 4.755685e-03 6.437656e-03 6.346604e-03 2.751891e-02 2.671151e-02 2.001341e-02 
    32.5                1.284957e-02 0.000000e+00 5.776755e-03 5.325042e-03 9.284256e-03 1.003610e-02 4.261943e-03 5.808738e-03 5.295155e-03 2.391053e-02 2.391942e-02 1.829679e-02 
    33.5                1.345347e-02 0.000000e+00 5.392965e-03 5.441232e-03 9.810950e-03 9.572290e-03 3.900630e-03 5.425105e-03 5.408589e-03 2.373105e-02 2.411457e-02 1.846289e-02 
    34.5                1.438627e-02 0.000000e+00 5.538867e-03 5.475730e-03 1.022365e-02 1.016393e-02 3.848011e-03 5.573389e-03 5.440979e-03 2.462238e-02 2.547336e-02 1.924770e-02 
    35.5                1.392701e-02 0.000000e+00 5.112469e-03 4.989597e-03 9.004192e-03 9.203203e-03 3.604576e-03 5.145093e-03 4.955160e-03 2.219427e-02 2.351953e-02 1.829181e-02 
    36.5                1.503606e-02 0.000000e+00 4.987200e-03 4.866666e-03 9.199401e-03 9.423060e-03 3.238457e-03 5.025142e-03 4.832207e-03 2.230260e-02 2.447235e-02 1.899038e-02 
    37.5                1.385655e-02 0.000000e+00 4.619395e-03 4.563474e-03 8.636953e-03 8.574989e-03 3.116728e-03 4.652423e-03 4.529780e-03 2.067924e-02 2.255656e-02 1.752772e-02 
    38.5                1.612069e-02 0.000000e+00 4.705195e-03 4.590060e-03 8.866069e-03 9.006114e-03 3.031962e-03 4.744499e-03 4.551740e-03 2.131367e-02 2.458186e-02 1.957106e-02 
    39.5                1.627888e-02 0.000000e+00 4.512462e-03 4.527963e-03 8.777936e-03 8.661088e-03 2.888610e-03 4.551757e-03 4.488871e-03 2.076004e-02 2.436054e-02 1.951918e-02 
    40.5                1.771691e-02 0.000000e+00 4.614400e-03 4.633093e-03 9.162861e-03 9.041507e-03 2.735035e-03 4.656531e-03 4.589913e-03 2.142503e-02 2.588744e-02 2.079720e-02 
    41.5                1.653018e-02 0.000000e+00 4.310330e-03 4.263997e-03 8.314026e-03 8.469670e-03 2.585645e-03 4.350502e-03 4.224572e-03 1.982969e-02 2.397582e-02 1.937445e-02 
    42.5                1.993370e-02 0.000000e+00 4.710716e-03 4.441012e-03 8.685998e-03 9.184167e-03 2.849823e-03 4.760018e-03 4.394331e-03 2.119965e-02 2.741003e-02 2.277908e-02 
    43.5                1.790809e-02 0.000000e+00 3.800132e-03 3.826947e-03 7.467088e-03 7.400506e-03 2.257943e-03 3.843265e-03 3.783848e-03 1.762159e-02 2.396081e-02 2.023935e-02 
    44.5                2.029906e-02 0.000000e+00 4.259843e-03 4.427591e-03 8.534845e-03 8.265427e-03 2.600356e-03 4.307950e-03 4.377951e-03 1.999482e-02 2.690345e-02 2.283680e-02 
    45.5                1.999780e-02 0.000000e+00 4.126818e-03 3.971888e-03 7.830697e-03 8.135423e-03 2.466693e-03 4.175973e-03 3.924751e-03 1.894772e-02 2.605224e-02 2.229002e-02 
    46.5                1.962164e-02 0.000000e+00 3.871870e-03 4.130887e-03 8.085067e-03 7.507909e-03 2.287800e-03 3.917043e-03 4.081573e-03 1.847348e-02 2.546115e-02 2.181010e-02 
    47.5                2.382098e-02 0.000000e+00 4.353823e-03 4.204896e-03 8.125958e-03 8.530079e-03 2.425256e-03 4.412705e-03 4.149076e-03 1.979494e-02 2.965504e-02 2.602522e-02 
    48.5                2.238892e-02 0.000000e+00 3.996453e-03 3.913951e-03 7.461034e-03 7.643888e-03 2.329074e-03 4.050727e-03 3.860417e-03 1.809877e-02 2.760074e-02 2.440105e-02 
    49.5                2.710558e-02 0.000000e+00 4.385783e-03 4.491384e-03 8.670973e-03 8.533724e-03 2.447131e-03 4.451030e-03 4.426110e-03 2.049142e-02 3.270283e-02 2.920039e-02 
    50.5                3.096056e-02 0.000000e+00 4.635997e-03 4.631725e-03 8.813505e-03 8.865789e-03 2.481364e-03 4.709918e-03 4.556564e-03 2.111525e-02 3.632006e-02 3.300360e-02 
    51.5                3.410241e-02 0.000000e+00 4.781745e-03 5.080662e-03 9.713978e-03 9.134521e-03 2.588842e-03 4.862103e-03 4.996805e-03 2.253571e-02 3.965373e-02 3.619943e-02 
    52.5                3.914758e-02 0.000000e+00 5.132354e-03 4.898621e-03 9.021294e-03 9.665779e-03 2.563602e-03 5.229269e-03 4.807032e-03 2.250268e-02 4.416276e-02 4.111963e-02 
    53.5                3.587826e-02 0.000000e+00 4.529327e-03 4.523325e-03 8.230799e-03 8.228699e-03 2.458238e-03 4.616354e-03 4.437589e-03 2.010320e-02 4.016503e-02 3.767008e-02 
    54.5                3.245811e-02 0.000000e+00 4.219126e-03 4.129197e-03 7.059056e-03 7.404063e-03 2.428933e-03 4.298466e-03 4.052244e-03 1.801008e-02 3.613903e-02 3.413460e-02 
    55.5                3.506122e-02 0.000000e+00 4.023477e-03 4.166998e-03 7.304195e-03 7.090557e-03 2.211368e-03 4.107203e-03 4.081894e-03 1.782474e-02 3.847775e-02 3.659494e-02 
    56.5                3.659672e-02 0.000000e+00 4.361780e-03 4.432192e-03 7.616349e-03 7.589469e-03 2.354629e-03 4.450226e-03 4.344415e-03 1.890133e-02 4.021418e-02 3.818535e-02 
    57.5                3.421825e-02 0.000000e+00 4.058066e-03 4.021523e-03 6.819828e-03 6.972448e-03 2.148853e-03 4.141375e-03 3.940063e-03 1.720872e-02 3.739259e-02 3.563789e-02 
    58.5                2.807690e-02 0.000000e+00 3.376186e-03 3.447455e-03 5.539320e-03 5.444897e-03 1.920222e-03 3.443723e-03 3.379794e-03 1.402069e-02 3.056096e-02 2.929479e-02 
    59.5                2.923808e-02 0.000000e+00 3.291778e-03 3.225826e-03 5.187464e-03 5.445863e-03 1.788061e-03 3.363166e-03 3.156427e-03 1.351932e-02 3.146372e-02 3.034610e-02 
    60.5                2.943491e-02 0.000000e+00 3.113741e-03 3.222339e-03 5.373106e-03 5.212811e-03 1.551413e-03 3.183784e-03 3.150644e-03 1.325344e-02 3.158315e-02 3.043914e-02 
    61.5                2.236441e-02 0.000000e+00 2.482967e-03 2.404786e-03 3.825500e-03 3.968439e-03 1.339342e-03 2.538004e-03 2.352134e-03 9.986203e-03 2.391416e-02 2.315762e-02 
    62.5                2.071394e-02 0.000000e+00 2.148024e-03 2.161719e-03 3.335535e-03 3.371740e-03 1.135566e-03 2.198344e-03 2.112296e-03 8.664249e-03 2.196250e-02 2.137962e-02 
    63.5                1.660607e-02 0.000000e+00 1.748471e-03 1.702244e-03 2.549819e-03 2.642047e-03 9.308108e-04 1.789083e-03 1.662895e-03 6.791082e-03 1.754650e-02 1.712738e-02 
    64.5                1.465314e-02 0.000000e+00 1.434986e-03 1.467243e-03 2.315961e-03 2.284546e-03 7.138975e-04 1.470074e-03 1.431772e-03 5.888173e-03 1.546108e-02 1.506347e-02 
    65.5                1.216201e-02 0.000000e+00 1.084083e-03 1.090323e-03 1.720578e-03 1.725429e-03 5.038734e-04 1.113524e-03 1.061200e-03 4.402243e-03 1.270885e-02 1.244435e-02 
    66.5                8.857434e-03 0.000000e+00 7.792496e-04 7.566249e-04 1.184996e-03 1.243541e-03 3.523157e-04 8.011197e-04 7.358444e-04 3.109909e-03 9.232356e-03 9.048475e-03 
    67.5                5.693440e-03 0.000000e+00 4.675933e-04 4.679562e-04 7.423619e-04 7.346174e-04 2.054483e-04 4.813040e-04 4.542515e-04 1.892403e-03 5.906245e-03 5.801725e-03 
    68.5                3.386286e-03 0.000000e+00 2.516833e-04 2.452496e-04 3.856136e-04 4.080893e-04 9.965062e-05 2.599965e-04 2.372571e-04 1.014248e-03 3.489468e-03 3.438608e-03 
    69.5                1.809001e-03 0.000000e+00 1.174954e-04 1.091720e-04 1.806059e-04 1.963227e-04 3.724804e-05 1.220279e-04 1.049938e-04 4.745210e-04 1.852168e-03 1.829251e-03 
    70.5                6.069288e-04 0.000000e+00 3.079939e-05 2.935226e-05 4.748226e-05 5.035623e-05 7.238042e-06 3.230040e-05 2.793077e-05 1.240974e-04 6.157410e-04 6.111946e-04 
    71.5                7.717039e-05 0.000000e+00 2.862490e-06 2.725592e-06 3.484042e-06 3.626413e-06 3.318730e-07 3.053368e-06 2.544876e-06 9.956672e-06 7.758560e-05 7.744407e-05 
    72.5                0.000000e+00 0.000000e+00 0.000000e+00 0.000000e+00 0.000000e+00 0.000000e+00 0.000000e+00 0.000000e+00 0.000000e+00 0.000000e+00 0.000000e+00 0.000000e+00 
    73.5                0.000000e+00 0.000000e+00 0.000000e+00 0.000000e+00 0.000000e+00 0.000000e+00 0.000000e+00 0.000000e+00 0.000000e+00 0.000000e+00 0.000000e+00 0.000000e+00 
    74.5                0.000000e+00 0.000000e+00 0.000000e+00 0.000000e+00 0.000000e+00 0.000000e+00 0.000000e+00 0.000000e+00 0.000000e+00 0.000000e+00 0.000000e+00 0.000000e+00 
    75.5                0.000000e+00 0.000000e+00 0.000000e+00 0.000000e+00 0.000000e+00 0.000000e+00 0.000000e+00 0.000000e+00 0.000000e+00 0.000000e+00 0.000000e+00 0.000000e+00 
    76.5                0.000000e+00 0.000000e+00 0.000000e+00 0.000000e+00 0.000000e+00 0.000000e+00 0.000000e+00 0.000000e+00 0.000000e+00 0.000000e+00 0.000000e+00 0.000000e+00 
    77.5                0.000000e+00 0.000000e+00 0.000000e+00 0.000000e+00 0.000000e+00 0.000000e+00 0.000000e+00 0.000000e+00 0.000000e+00 0.000000e+00 0.000000e+00 0.000000e+00 
    78.5                0.000000e+00 0.000000e+00 0.000000e+00 0.000000e+00 0.000000e+00 0.000000e+00 0.000000e+00 0.000000e+00 0.000000e+00 0.000000e+00 0.000000e+00 0.000000e+00 
    79.5                0.000000e+00 0.000000e+00 0.000000e+00 0.000000e+00 0.000000e+00 0.000000e+00 0.000000e+00 0.000000e+00 0.000000e+00 0.000000e+00 0.000000e+00 0.000000e+00 


