# 80 rows of flux data
# 12 columns of flux data
# 
# total cross-sectional flux  2.136520e+00 /m^2/yr
#
#                             +x ram      -x wake      +y port -y starboard    +z zenith     -z nadir        Earth          Sun     anti-Sun      rot (x)      rot (y)      rot (z) 
# average speed (km/s)         43.46        11.56        29.38        29.51        31.34        33.81        33.68        29.38        29.51        31.30        36.93        38.54 
# total flux (#/m2/yr)  1.156953e+00 3.606140e-02 3.200373e-01 3.200509e-01 9.512244e-01 3.835711e-01 4.047970e-01 3.200314e-01 3.200567e-01 1.583545e+00 1.938989e+00 1.500115e+00 
# velocity (km/s)
     0.5                0.000000e+00 0.000000e+00 0.000000e+00 0.000000e+00 0.000000e+00 0.000000e+00 0.000000e+00 0.000000e+00 0.000000e+00 0.000000e+00 0.000000e+00 0.000000e+00 
     1.5                2.909362e-05 3.178802e-05 3.397307e-05 3.295318e-05 1.729005e-05 2.063308e-05 3.330158e-05 3.397308e-05 3.295316e-05 8.127326e-05 7.678838e-05 9.725906e-05 
     2.5                3.151750e-04 1.945051e-04 2.237489e-04 2.440192e-04 1.631648e-04 1.920827e-04 2.313783e-04 2.237483e-04 2.440199e-04 6.401634e-04 6.702177e-04 7.571407e-04 
     3.5                8.492541e-04 5.566594e-04 7.439926e-04 7.453800e-04 6.589690e-04 5.854006e-04 7.629500e-04 7.439911e-04 7.453815e-04 2.122001e-03 2.058503e-03 2.257046e-03 
     4.5                1.204126e-03 1.050495e-03 1.418564e-03 1.427117e-03 1.474966e-03 1.060621e-03 1.400866e-03 1.418563e-03 1.427118e-03 4.190127e-03 3.714768e-03 3.968936e-03 
     5.5                1.977289e-03 1.500437e-03 2.372250e-03 2.389042e-03 2.458928e-03 1.803204e-03 2.365317e-03 2.372247e-03 2.389045e-03 7.022755e-03 6.023132e-03 6.450462e-03 
     6.5                2.586708e-03 2.151575e-03 3.344518e-03 3.285448e-03 3.819709e-03 2.752602e-03 3.306644e-03 3.344516e-03 3.285450e-03 1.029652e-02 8.827121e-03 8.953775e-03 
     7.5                3.023773e-03 2.678011e-03 4.265610e-03 4.190327e-03 5.576054e-03 3.456173e-03 4.180103e-03 4.265608e-03 4.190329e-03 1.360972e-02 1.155389e-02 1.116322e-02 
     8.5                3.773490e-03 2.843674e-03 5.064681e-03 5.039420e-03 6.678561e-03 4.153233e-03 4.990962e-03 5.064676e-03 5.039425e-03 1.628794e-02 1.381835e-02 1.320561e-02 
     9.5                4.295277e-03 3.281824e-03 6.024450e-03 5.948898e-03 8.832146e-03 5.178934e-03 5.915265e-03 6.024444e-03 5.948903e-03 2.030513e-02 1.710527e-02 1.545688e-02 
    10.5                4.705747e-03 3.203872e-03 6.757229e-03 6.677897e-03 1.084550e-02 5.316997e-03 6.601677e-03 6.757221e-03 6.677904e-03 2.306941e-02 1.916581e-02 1.684726e-02 
    11.5                5.768797e-03 3.120290e-03 7.456016e-03 7.341411e-03 1.286745e-02 6.704684e-03 7.391316e-03 7.456002e-03 7.341425e-03 2.694016e-02 2.275098e-02 1.876148e-02 
    12.5                6.265599e-03 2.808419e-03 7.996494e-03 7.908979e-03 1.462664e-02 6.565001e-03 7.911111e-03 7.996476e-03 7.908997e-03 2.904328e-02 2.427501e-02 1.985242e-02 
    13.5                6.814758e-03 2.580256e-03 8.403999e-03 8.320837e-03 1.700000e-02 6.968154e-03 8.313811e-03 8.403977e-03 8.320859e-03 3.199641e-02 2.692665e-02 2.080728e-02 
    14.5                7.345538e-03 2.191936e-03 8.834530e-03 8.707649e-03 1.784186e-02 7.595123e-03 8.803725e-03 8.834503e-03 8.707675e-03 3.376329e-02 2.820560e-02 2.158507e-02 
    15.5                7.907682e-03 1.887645e-03 8.844217e-03 8.756583e-03 1.960306e-02 7.521797e-03 8.829765e-03 8.844186e-03 8.756614e-03 3.533301e-02 2.989422e-02 2.192481e-02 
    16.5                8.636594e-03 1.597534e-03 9.197975e-03 9.080927e-03 2.127309e-02 7.387931e-03 9.190004e-03 9.197938e-03 9.080964e-03 3.708403e-02 3.148875e-02 2.283999e-02 
    17.5                9.061282e-03 1.314410e-03 9.145841e-03 9.101303e-03 2.221430e-02 7.654371e-03 9.183817e-03 9.145801e-03 9.101343e-03 3.807900e-02 3.263204e-02 2.294073e-02 
    18.5                9.949980e-03 9.888500e-04 9.117570e-03 9.077185e-03 2.323004e-02 7.865289e-03 9.234500e-03 9.117523e-03 9.077231e-03 3.910506e-02 3.390489e-02 2.328727e-02 
    19.5                1.078357e-02 7.538412e-04 9.100085e-03 8.984828e-03 2.518380e-02 7.701241e-03 9.262244e-03 9.100033e-03 8.984880e-03 4.067737e-02 3.587561e-02 2.375704e-02 
    20.5                1.121509e-02 5.179923e-04 8.899645e-03 8.892914e-03 2.559613e-02 7.288939e-03 9.042385e-03 8.899589e-03 8.892970e-03 4.029371e-02 3.581033e-02 2.353187e-02 
    21.5                1.250493e-02 3.245623e-04 8.852629e-03 8.791844e-03 2.645334e-02 7.091697e-03 9.111514e-03 8.852565e-03 8.791907e-03 4.087237e-02 3.691017e-02 2.425796e-02 
    22.5                1.319047e-02 2.136524e-04 8.796773e-03 8.752991e-03 2.791659e-02 6.957195e-03 9.044025e-03 8.796705e-03 8.753058e-03 4.193013e-02 3.828673e-02 2.447481e-02 
    23.5                1.440564e-02 1.130566e-04 8.360428e-03 8.356900e-03 2.808728e-02 7.445475e-03 8.748088e-03 8.360353e-03 8.356974e-03 4.199521e-02 3.931909e-02 2.470992e-02 
    24.5                1.422443e-02 7.177990e-05 8.195735e-03 8.126440e-03 2.739599e-02 6.694750e-03 8.563655e-03 8.195661e-03 8.126513e-03 4.039513e-02 3.782924e-02 2.398755e-02 
    25.5                1.566274e-02 4.325925e-05 7.838581e-03 7.862439e-03 2.846103e-02 6.776269e-03 8.316126e-03 7.838500e-03 7.862520e-03 4.110170e-02 3.941403e-02 2.455459e-02 
    26.5                1.717762e-02 2.431365e-05 7.649780e-03 7.698973e-03 2.874392e-02 7.773250e-03 8.325117e-03 7.649692e-03 7.699063e-03 4.202019e-02 4.120366e-02 2.551130e-02 
    27.5                1.709307e-02 1.248923e-05 7.381367e-03 7.334261e-03 2.832360e-02 6.901345e-03 8.029510e-03 7.381277e-03 7.334349e-03 4.038448e-02 3.988186e-02 2.480425e-02 
    28.5                1.736281e-02 3.978803e-06 7.070666e-03 7.095059e-03 2.755725e-02 6.919783e-03 7.760033e-03 7.070575e-03 7.095150e-03 3.933213e-02 3.932056e-02 2.443092e-02 
    29.5                1.798999e-02 2.929963e-07 6.644878e-03 6.693678e-03 2.760946e-02 6.680460e-03 7.381842e-03 6.644784e-03 6.693772e-03 3.868173e-02 3.937171e-02 2.436019e-02 
    30.5                2.162310e-02 0.000000e+00 6.519195e-03 6.517278e-03 2.804471e-02 7.964632e-03 7.775792e-03 6.519082e-03 6.517390e-03 4.011358e-02 4.318004e-02 2.747042e-02 
    31.5                1.822063e-02 0.000000e+00 6.091050e-03 6.172376e-03 2.487532e-02 6.155508e-03 6.915312e-03 6.090955e-03 6.172471e-03 3.489720e-02 3.660326e-02 2.358765e-02 
    32.5                2.009123e-02 0.000000e+00 5.937621e-03 5.955619e-03 2.535286e-02 7.211333e-03 7.023058e-03 5.937517e-03 5.955724e-03 3.620341e-02 3.888449e-02 2.500498e-02 
    33.5                2.068210e-02 0.000000e+00 5.504975e-03 5.468572e-03 2.346987e-02 7.139412e-03 6.832856e-03 5.504867e-03 5.468679e-03 3.387069e-02 3.808367e-02 2.507150e-02 
    34.5                2.005315e-02 0.000000e+00 5.075336e-03 5.141787e-03 2.208869e-02 7.721377e-03 6.420420e-03 5.075232e-03 5.141892e-03 3.280293e-02 3.649157e-02 2.397888e-02 
    35.5                1.981199e-02 0.000000e+00 4.905447e-03 4.932763e-03 2.132281e-02 7.292840e-03 6.175729e-03 4.905344e-03 4.932866e-03 3.142993e-02 3.526854e-02 2.341495e-02 
    36.5                1.999653e-02 0.000000e+00 4.683830e-03 4.710904e-03 2.042717e-02 7.404393e-03 5.953855e-03 4.683726e-03 4.711008e-03 3.038353e-02 3.473172e-02 2.320759e-02 
    37.5                1.986941e-02 0.000000e+00 4.445385e-03 4.465924e-03 1.909310e-02 7.202235e-03 5.757375e-03 4.445281e-03 4.466027e-03 2.870651e-02 3.336587e-02 2.281858e-02 
    38.5                2.025530e-02 0.000000e+00 4.190035e-03 4.212555e-03 1.705058e-02 7.694478e-03 5.731272e-03 4.189930e-03 4.212661e-03 2.700622e-02 3.251684e-02 2.291941e-02 
    39.5                1.945880e-02 0.000000e+00 4.004891e-03 3.993583e-03 1.582988e-02 7.544984e-03 5.449717e-03 4.004790e-03 3.993684e-03 2.551036e-02 3.085145e-02 2.188075e-02 
    40.5                1.992218e-02 0.000000e+00 3.773857e-03 3.812191e-03 1.537981e-02 8.075649e-03 5.373311e-03 3.773753e-03 3.812294e-03 2.544365e-02 3.120205e-02 2.213465e-02 
    41.5                1.957025e-02 0.000000e+00 3.593330e-03 3.623726e-03 1.564068e-02 6.335770e-03 4.993752e-03 3.593228e-03 3.623827e-03 2.380198e-02 2.980936e-02 2.154361e-02 
    42.5                2.015514e-02 0.000000e+00 3.483918e-03 3.563861e-03 1.319129e-02 7.810098e-03 5.111553e-03 3.483815e-03 3.563967e-03 2.275695e-02 2.949766e-02 2.195173e-02 
    43.5                2.113666e-02 0.000000e+00 3.441916e-03 3.432407e-03 1.221550e-02 8.041945e-03 5.302335e-03 3.441806e-03 3.432517e-03 2.200423e-02 2.987447e-02 2.285702e-02 
    44.5                2.420511e-02 0.000000e+00 3.467777e-03 3.469047e-03 1.343326e-02 8.402932e-03 5.640285e-03 3.467651e-03 3.469172e-03 2.359931e-02 3.307005e-02 2.582631e-02 
    45.5                2.414943e-02 0.000000e+00 3.499109e-03 3.529427e-03 1.218612e-02 8.228564e-03 5.675216e-03 3.498983e-03 3.529553e-03 2.220644e-02 3.210057e-02 2.573899e-02 
    46.5                2.441320e-02 0.000000e+00 3.290573e-03 3.309400e-03 1.087869e-02 9.002845e-03 5.697294e-03 3.290446e-03 3.309527e-03 2.157835e-02 3.193665e-02 2.586575e-02 
    47.5                2.782829e-02 0.000000e+00 3.322724e-03 3.371382e-03 1.128671e-02 9.499272e-03 6.127722e-03 3.322581e-03 3.371527e-03 2.248403e-02 3.529501e-02 2.920283e-02 
    48.5                2.870329e-02 0.000000e+00 3.482199e-03 3.523367e-03 1.198760e-02 8.415759e-03 6.235295e-03 3.482049e-03 3.523517e-03 2.227026e-02 3.580209e-02 3.008723e-02 
    49.5                3.036369e-02 0.000000e+00 3.566951e-03 3.603150e-03 1.191876e-02 8.540479e-03 6.437031e-03 3.566794e-03 3.603308e-03 2.239463e-02 3.720602e-02 3.170316e-02 
    50.5                2.927403e-02 0.000000e+00 3.384081e-03 3.391320e-03 1.039539e-02 8.281891e-03 6.247531e-03 3.383928e-03 3.391472e-03 2.051022e-02 3.533161e-02 3.049739e-02 
    51.5                3.020185e-02 0.000000e+00 3.405165e-03 3.425851e-03 9.677082e-03 7.750143e-03 6.383762e-03 3.405008e-03 3.426008e-03 1.939530e-02 3.549432e-02 3.143300e-02 
    52.5                2.844199e-02 0.000000e+00 3.312287e-03 3.395793e-03 8.810691e-03 7.508738e-03 6.046334e-03 3.312141e-03 3.395942e-03 1.832200e-02 3.340741e-02 2.962282e-02 
    53.5                3.244762e-02 0.000000e+00 3.466483e-03 3.496120e-03 9.335525e-03 6.987722e-03 6.651439e-03 3.466313e-03 3.496288e-03 1.848492e-02 3.714475e-02 3.359680e-02 
    54.5                3.668251e-02 0.000000e+00 3.712754e-03 3.748459e-03 9.872124e-03 6.185381e-03 7.296067e-03 3.712564e-03 3.748650e-03 1.860148e-02 4.098403e-02 3.787085e-02 
    55.5                3.735047e-02 0.000000e+00 3.442656e-03 3.493422e-03 9.614206e-03 6.025302e-03 7.266473e-03 3.442462e-03 3.493616e-03 1.804792e-02 4.137587e-02 3.841744e-02 
    56.5                3.367478e-02 0.000000e+00 3.300999e-03 3.364375e-03 8.102283e-03 5.129484e-03 6.616593e-03 3.300824e-03 3.364550e-03 1.564646e-02 3.697176e-02 3.469553e-02 
    57.5                3.321150e-02 0.000000e+00 3.229197e-03 3.270360e-03 8.129722e-03 3.990860e-03 6.404357e-03 3.229023e-03 3.270531e-03 1.467997e-02 3.612683e-02 3.416358e-02 
    58.5                3.126482e-02 0.000000e+00 3.035585e-03 3.109607e-03 7.357040e-03 4.123441e-03 6.035708e-03 3.035425e-03 3.109772e-03 1.402756e-02 3.396599e-02 3.215758e-02 
    59.5                2.649972e-02 0.000000e+00 2.698672e-03 2.719745e-03 6.270224e-03 2.885169e-03 5.109250e-03 2.698533e-03 2.719882e-03 1.143696e-02 2.855585e-02 2.727234e-02 
    60.5                2.729129e-02 0.000000e+00 2.529583e-03 2.587362e-03 5.856141e-03 2.753220e-03 5.183155e-03 2.529441e-03 2.587505e-03 1.086015e-02 2.910514e-02 2.800081e-02 
    61.5                2.300931e-02 0.000000e+00 2.143619e-03 2.167996e-03 4.658641e-03 1.794429e-03 4.378524e-03 2.143499e-03 2.168116e-03 8.456388e-03 2.427511e-02 2.360685e-02 
    62.5                2.225170e-02 0.000000e+00 1.878323e-03 1.918077e-03 4.346192e-03 1.346288e-03 4.136619e-03 1.878207e-03 1.918192e-03 7.505012e-03 2.329159e-02 2.276303e-02 
    63.5                1.792469e-02 0.000000e+00 1.630562e-03 1.666474e-03 3.278589e-03 8.719338e-04 3.350850e-03 1.630469e-03 1.666567e-03 5.832638e-03 1.864183e-02 1.835846e-02 
    64.5                1.575884e-02 0.000000e+00 1.359546e-03 1.374274e-03 2.903096e-03 5.460565e-04 2.900530e-03 1.359463e-03 1.374356e-03 4.859722e-03 1.630444e-02 1.610618e-02 
    65.5                1.447010e-02 0.000000e+00 1.053612e-03 1.073595e-03 2.358685e-03 3.544769e-04 2.598356e-03 1.053536e-03 1.073670e-03 3.857085e-03 1.486090e-02 1.473015e-02 
    66.5                1.010084e-02 0.000000e+00 8.216096e-04 8.325921e-04 1.588490e-03 1.576830e-04 1.818801e-03 8.215568e-04 8.326443e-04 2.686426e-03 1.033039e-02 1.029323e-02 
    67.5                7.969759e-03 0.000000e+00 5.793083e-04 5.931288e-04 1.172847e-03 7.902046e-05 1.397718e-03 5.792668e-04 5.931703e-04 1.930922e-03 8.114375e-03 8.098197e-03 
    68.5                5.896956e-03 0.000000e+00 3.968471e-04 4.030633e-04 7.486110e-04 3.440446e-05 1.015001e-03 3.968163e-04 4.030939e-04 1.246364e-03 5.973200e-03 5.975525e-03 
    69.5                4.198450e-03 0.000000e+00 2.344013e-04 2.376166e-04 4.127577e-04 4.121652e-05 7.035359e-04 2.343793e-04 2.376382e-04 7.300365e-04 4.234522e-03 4.237113e-03 
    70.5                2.079559e-03 0.000000e+00 9.637169e-05 9.736565e-05 1.426791e-04 2.176283e-05 3.424130e-04 9.636078e-05 9.737637e-05 2.838390e-04 2.089549e-03 2.091997e-03 
    71.5                3.225418e-04 0.000000e+00 9.259611e-06 9.266150e-06 9.831298e-06 5.298966e-06 5.371929e-05 9.257904e-06 9.267798e-06 2.635944e-05 3.230694e-04 3.232632e-04 
    72.5                0.000000e+00 0.000000e+00 0.000000e+00 0.000000e+00 0.000000e+00 0.000000e+00 0.000000e+00 0.000000e+00 0.000000e+00 0.000000e+00 0.000000e+00 0.000000e+00 
    73.5                0.000000e+00 0.000000e+00 0.000000e+00 0.000000e+00 0.000000e+00 0.000000e+00 0.000000e+00 0.000000e+00 0.000000e+00 0.000000e+00 0.000000e+00 0.000000e+00 
    74.5                0.000000e+00 0.000000e+00 0.000000e+00 0.000000e+00 0.000000e+00 0.000000e+00 0.000000e+00 0.000000e+00 0.000000e+00 0.000000e+00 0.000000e+00 0.000000e+00 
    75.5                0.000000e+00 0.000000e+00 0.000000e+00 0.000000e+00 0.000000e+00 0.000000e+00 0.000000e+00 0.000000e+00 0.000000e+00 0.000000e+00 0.000000e+00 0.000000e+00 
    76.5                0.000000e+00 0.000000e+00 0.000000e+00 0.000000e+00 0.000000e+00 0.000000e+00 0.000000e+00 0.000000e+00 0.000000e+00 0.000000e+00 0.000000e+00 0.000000e+00 
    77.5                0.000000e+00 0.000000e+00 0.000000e+00 0.000000e+00 0.000000e+00 0.000000e+00 0.000000e+00 0.000000e+00 0.000000e+00 0.000000e+00 0.000000e+00 0.000000e+00 
    78.5                0.000000e+00 0.000000e+00 0.000000e+00 0.000000e+00 0.000000e+00 0.000000e+00 0.000000e+00 0.000000e+00 0.000000e+00 0.000000e+00 0.000000e+00 0.000000e+00 
    79.5                0.000000e+00 0.000000e+00 0.000000e+00 0.000000e+00 0.000000e+00 0.000000e+00 0.000000e+00 0.000000e+00 0.000000e+00 0.000000e+00 0.000000e+00 0.000000e+00 


