# 80 rows of flux data
# 12 columns of flux data
# 
# total cross-sectional flux  2.186584e+00 /m^2/yr
#
#                             +x ram      -x wake      +y port -y starboard    +z zenith     -z nadir        Earth          Sun     anti-Sun      rot (x)      rot (y)      rot (z) 
# average speed (km/s)         43.67        11.54        29.54        29.69        33.99        31.55        41.71        29.54        29.69        31.49        37.19        38.82 
# total flux (#/m2/yr)  1.191235e+00 3.511955e-02 3.250959e-01 3.250959e-01 3.921638e-01 9.726895e-01 6.982208e-01 3.250959e-01 3.250959e-01 1.616964e+00 1.986713e+00 1.536536e+00 
# velocity (km/s)
     0.5                0.000000e+00 0.000000e+00 0.000000e+00 0.000000e+00 0.000000e+00 0.000000e+00 0.000000e+00 0.000000e+00 0.000000e+00 0.000000e+00 0.000000e+00 0.000000e+00 
     1.5                4.823599e-05 3.367022e-05 3.260962e-05 3.808201e-05 2.371575e-05 2.695579e-05 3.580888e-05 3.260962e-05 3.808201e-05 9.532160e-05 1.029681e-04 1.205507e-04 
     2.5                3.532229e-04 1.634968e-04 2.301884e-04 2.350810e-04 1.501022e-04 1.637221e-04 2.901136e-04 2.301884e-04 2.350810e-04 6.073794e-04 6.676256e-04 7.612474e-04 
     3.5                8.109678e-04 5.423011e-04 7.318493e-04 7.567242e-04 5.756325e-04 6.108255e-04 7.632936e-04 7.318493e-04 7.567242e-04 2.070291e-03 1.980609e-03 2.207511e-03 
     4.5                1.538025e-03 9.579875e-04 1.470963e-03 1.489433e-03 1.176134e-03 1.487374e-03 1.502536e-03 1.470963e-03 1.489433e-03 4.392437e-03 4.003953e-03 4.258765e-03 
     5.5                1.928632e-03 1.628223e-03 2.367857e-03 2.361892e-03 1.911049e-03 2.418085e-03 2.151012e-03 2.367857e-03 2.361892e-03 7.055754e-03 6.122989e-03 6.517004e-03 
     6.5                2.883833e-03 1.951382e-03 3.386108e-03 3.302747e-03 2.545739e-03 3.946339e-03 3.105707e-03 3.386108e-03 3.302747e-03 1.024478e-02 8.864215e-03 9.075199e-03 
     7.5                3.354588e-03 2.593182e-03 4.383961e-03 4.294532e-03 3.561846e-03 5.465733e-03 3.907356e-03 4.383961e-03 4.294532e-03 1.375243e-02 1.177176e-02 1.153183e-02 
     8.5                3.730654e-03 2.900703e-03 5.066702e-03 5.043607e-03 4.195051e-03 6.775824e-03 4.417118e-03 5.066702e-03 5.043607e-03 1.640282e-02 1.393295e-02 1.321803e-02 
     9.5                4.450024e-03 3.226455e-03 6.133660e-03 6.015228e-03 4.945522e-03 8.903085e-03 5.226412e-03 6.133660e-03 6.015228e-03 2.023815e-02 1.704677e-02 1.562141e-02 
    10.5                4.895970e-03 3.207696e-03 6.773673e-03 6.729439e-03 5.736067e-03 1.096119e-02 5.739068e-03 6.773673e-03 6.729439e-03 2.363013e-02 1.977210e-02 1.705162e-02 
    11.5                5.772672e-03 2.947183e-03 7.471479e-03 7.322549e-03 6.545285e-03 1.254979e-02 6.556059e-03 7.471479e-03 7.322549e-03 2.645937e-02 2.224278e-02 1.859549e-02 
    12.5                6.052877e-03 2.769124e-03 8.064068e-03 7.989525e-03 6.731341e-03 1.463644e-02 6.880684e-03 8.064068e-03 7.989525e-03 2.928322e-02 2.431158e-02 1.968591e-02 
    13.5                6.829922e-03 2.470239e-03 8.501952e-03 8.335250e-03 7.199226e-03 1.701727e-02 7.419896e-03 8.501952e-03 8.335250e-03 3.230943e-02 2.711830e-02 2.074753e-02 
    14.5                7.532008e-03 2.168964e-03 8.829244e-03 8.791428e-03 7.631288e-03 1.818393e-02 7.835764e-03 8.829244e-03 8.791428e-03 3.414988e-02 2.864837e-02 2.177163e-02 
    15.5                8.069818e-03 1.803094e-03 8.933575e-03 8.832796e-03 7.533851e-03 1.925789e-02 8.075615e-03 8.933575e-03 8.832796e-03 3.510387e-02 2.965828e-02 2.207898e-02 
    16.5                8.914453e-03 1.530842e-03 9.291613e-03 9.148945e-03 7.664050e-03 2.140418e-02 8.461923e-03 9.291613e-03 9.148945e-03 3.749253e-02 3.194998e-02 2.308497e-02 
    17.5                9.464224e-03 1.214176e-03 9.179541e-03 9.108465e-03 7.998885e-03 2.216636e-02 8.669361e-03 9.179541e-03 9.108465e-03 3.843514e-02 3.303857e-02 2.323903e-02 
    18.5                1.058213e-02 9.897008e-04 9.254299e-03 9.161313e-03 8.295942e-03 2.401769e-02 8.963873e-03 9.254299e-03 9.161313e-03 4.039495e-02 3.532442e-02 2.399942e-02 
    19.5                1.125629e-02 7.203355e-04 9.137316e-03 9.043033e-03 7.523557e-03 2.548240e-02 8.859440e-03 9.137316e-03 9.043033e-03 4.086764e-02 3.616709e-02 2.422468e-02 
    20.5                1.146849e-02 5.132071e-04 8.994924e-03 8.957457e-03 7.507015e-03 2.572628e-02 8.661983e-03 8.994924e-03 8.957457e-03 4.069611e-02 3.627100e-02 2.381666e-02 
    21.5                1.245654e-02 3.096715e-04 8.949122e-03 8.829906e-03 6.908097e-03 2.654121e-02 8.772964e-03 8.949122e-03 8.829906e-03 4.084262e-02 3.677360e-02 2.426049e-02 
    22.5                1.382054e-02 2.028891e-04 8.839119e-03 8.814937e-03 7.396240e-03 2.852785e-02 9.062511e-03 8.839119e-03 8.814937e-03 4.301817e-02 3.951432e-02 2.514396e-02 
    23.5                1.518376e-02 1.144284e-04 8.532792e-03 8.465899e-03 7.662733e-03 2.886139e-02 9.385868e-03 8.532792e-03 8.465899e-03 4.309321e-02 4.057662e-02 2.558536e-02 
    24.5                1.457330e-02 7.388651e-05 8.098770e-03 8.219912e-03 6.891413e-03 2.774800e-02 8.717456e-03 8.098770e-03 8.219912e-03 4.093219e-02 3.848280e-02 2.432206e-02 
    25.5                1.613678e-02 4.562716e-05 8.028075e-03 7.951223e-03 6.878099e-03 2.904868e-02 9.145245e-03 8.028075e-03 7.951223e-03 4.189439e-02 4.027534e-02 2.516376e-02 
    26.5                1.700297e-02 2.442076e-05 7.771045e-03 7.767927e-03 7.251879e-03 2.902659e-02 9.333109e-03 7.771045e-03 7.767927e-03 4.188961e-02 4.089536e-02 2.543898e-02 
    27.5                1.829318e-02 1.234636e-05 7.582968e-03 7.577509e-03 8.435227e-03 2.913802e-02 1.011793e-02 7.582968e-03 7.577509e-03 4.284303e-02 4.257866e-02 2.613569e-02 
    28.5                1.792006e-02 4.051868e-06 7.091755e-03 7.123812e-03 7.195363e-03 2.829098e-02 9.274410e-03 7.091755e-03 7.123812e-03 4.038578e-02 4.049637e-02 2.503530e-02 
    29.5                1.775195e-02 2.680317e-07 6.745197e-03 6.782824e-03 6.410609e-03 2.754481e-02 8.802456e-03 6.745197e-03 6.782824e-03 3.844324e-02 3.895895e-02 2.423359e-02 
    30.5                1.932023e-02 0.000000e+00 6.528042e-03 6.569788e-03 6.706202e-03 2.785805e-02 9.325438e-03 6.528042e-03 6.569788e-03 3.870401e-02 4.023174e-02 2.521877e-02 
    31.5                1.996096e-02 0.000000e+00 6.253009e-03 6.244622e-03 8.006057e-03 2.572694e-02 1.023516e-02 6.253009e-03 6.244622e-03 3.764996e-02 3.996220e-02 2.539489e-02 
    32.5                2.036494e-02 0.000000e+00 6.103548e-03 6.158664e-03 7.439702e-03 2.538481e-02 1.010055e-02 6.103548e-03 6.158664e-03 3.658664e-02 3.928265e-02 2.542869e-02 
    33.5                2.053419e-02 0.000000e+00 5.683488e-03 5.691062e-03 7.507462e-03 2.413936e-02 1.020831e-02 5.683488e-03 5.691062e-03 3.502917e-02 3.835639e-02 2.507128e-02 
    34.5                2.011820e-02 0.000000e+00 5.221335e-03 5.242530e-03 7.001734e-03 2.317837e-02 9.777367e-03 5.221335e-03 5.242530e-03 3.323866e-02 3.692734e-02 2.411560e-02 
    35.5                1.909655e-02 0.000000e+00 4.880231e-03 4.989115e-03 6.364506e-03 2.171730e-02 9.023279e-03 4.880231e-03 4.989115e-03 3.093039e-02 3.440278e-02 2.274549e-02 
    36.5                2.187881e-02 0.000000e+00 4.805849e-03 4.782950e-03 8.186699e-03 2.175897e-02 1.095266e-02 4.805849e-03 4.782950e-03 3.256219e-02 3.760328e-02 2.518233e-02 
    37.5                2.104442e-02 0.000000e+00 4.534823e-03 4.579194e-03 7.339974e-03 2.030333e-02 1.032093e-02 4.534823e-03 4.579194e-03 3.011385e-02 3.518737e-02 2.406560e-02 
    38.5                1.965784e-02 0.000000e+00 4.288677e-03 4.302458e-03 6.732803e-03 1.822944e-02 9.712186e-03 4.288677e-03 4.302458e-03 2.727598e-02 3.220332e-02 2.240409e-02 
    39.5                2.006923e-02 0.000000e+00 4.063308e-03 4.107830e-03 8.579586e-03 1.548216e-02 1.088630e-02 4.063308e-03 4.107830e-03 2.624856e-02 3.180204e-02 2.254802e-02 
    40.5                1.944521e-02 0.000000e+00 3.912793e-03 3.933905e-03 7.246867e-03 1.574317e-02 1.000045e-02 3.912793e-03 3.933905e-03 2.504964e-02 3.050041e-02 2.174135e-02 
    41.5                2.034127e-02 0.000000e+00 3.640146e-03 3.640889e-03 6.483579e-03 1.588181e-02 1.016089e-02 3.640146e-03 3.640889e-03 2.420505e-02 3.074414e-02 2.234992e-02 
    42.5                2.015617e-02 0.000000e+00 3.514026e-03 3.564804e-03 7.314174e-03 1.403758e-02 1.057305e-02 3.514026e-03 3.564804e-03 2.314238e-02 2.975959e-02 2.200466e-02 
    43.5                2.312259e-02 0.000000e+00 3.431332e-03 3.457927e-03 8.306806e-03 1.313681e-02 1.270928e-02 3.431332e-03 3.457927e-03 2.315868e-02 3.219477e-02 2.483145e-02 
    44.5                2.481069e-02 0.000000e+00 3.493069e-03 3.566316e-03 7.812965e-03 1.422208e-02 1.317235e-02 3.493069e-03 3.566316e-03 2.381957e-02 3.387889e-02 2.645822e-02 
    45.5                2.732299e-02 0.000000e+00 3.479757e-03 3.548047e-03 9.907655e-03 1.300263e-02 1.542353e-02 3.479757e-03 3.548047e-03 2.469123e-02 3.615470e-02 2.890215e-02 
    46.5                2.314236e-02 0.000000e+00 3.387581e-03 3.376049e-03 7.958165e-03 1.180449e-02 1.280774e-02 3.387581e-03 3.376049e-03 2.150853e-02 3.083907e-02 2.465563e-02 
    47.5                2.559801e-02 0.000000e+00 3.453509e-03 3.433724e-03 9.448714e-03 1.053584e-02 1.488295e-02 3.453509e-03 3.433724e-03 2.172554e-02 3.296272e-02 2.703563e-02 
    48.5                2.725879e-02 0.000000e+00 3.429319e-03 3.457823e-03 8.810959e-03 1.142859e-02 1.538192e-02 3.429319e-03 3.457823e-03 2.204216e-02 3.446991e-02 2.862474e-02 
    49.5                2.920220e-02 0.000000e+00 3.441216e-03 3.487425e-03 9.357766e-03 1.055173e-02 1.682734e-02 3.441216e-03 3.487425e-03 2.174834e-02 3.589275e-02 3.053193e-02 
    50.5                3.191724e-02 0.000000e+00 3.510728e-03 3.533880e-03 9.230218e-03 1.169905e-02 1.807222e-02 3.510728e-03 3.533880e-03 2.286739e-02 3.885238e-02 3.319533e-02 
    51.5                3.007328e-02 0.000000e+00 3.466368e-03 3.514589e-03 8.318097e-03 1.011307e-02 1.712676e-02 3.466368e-03 3.514589e-03 2.038063e-02 3.582152e-02 3.132224e-02 
    52.5                3.108343e-02 0.000000e+00 3.342377e-03 3.387205e-03 7.242160e-03 1.040762e-02 1.735271e-02 3.342377e-03 3.387205e-03 1.957605e-02 3.641487e-02 3.225020e-02 
    53.5                3.110870e-02 0.000000e+00 3.413675e-03 3.489226e-03 7.228388e-03 9.332084e-03 1.759258e-02 3.413675e-03 3.489226e-03 1.869134e-02 3.598127e-02 3.228423e-02 
    54.5                3.841973e-02 0.000000e+00 3.821169e-03 3.852938e-03 7.033367e-03 1.011115e-02 2.162479e-02 3.821169e-03 3.852938e-03 1.965408e-02 4.299159e-02 3.964007e-02 
    55.5                3.609179e-02 0.000000e+00 3.414525e-03 3.480410e-03 5.364935e-03 9.241817e-03 2.002755e-02 3.414525e-03 3.480410e-03 1.699481e-02 3.991873e-02 3.716674e-02 
    56.5                3.612241e-02 0.000000e+00 3.382535e-03 3.434870e-03 5.132260e-03 9.016401e-03 2.004267e-02 3.382535e-03 3.434870e-03 1.655419e-02 3.963121e-02 3.716272e-02 
    57.5                3.510769e-02 0.000000e+00 3.331322e-03 3.413220e-03 4.888718e-03 7.874719e-03 1.964595e-02 3.331322e-03 3.413220e-03 1.533702e-02 3.817761e-02 3.609666e-02 
    58.5                3.142062e-02 0.000000e+00 3.094492e-03 3.149525e-03 4.553747e-03 7.254771e-03 1.758323e-02 3.094492e-03 3.149525e-03 1.434126e-02 3.423181e-02 3.233132e-02 
    59.5                2.947346e-02 0.000000e+00 2.931269e-03 2.968148e-03 3.170036e-03 6.963914e-03 1.618435e-02 2.931269e-03 2.968148e-03 1.261506e-02 3.174452e-02 3.031392e-02 
    60.5                2.729222e-02 0.000000e+00 2.565148e-03 2.629259e-03 2.829203e-03 6.132512e-03 1.501216e-02 2.565148e-03 2.629259e-03 1.117931e-02 2.921237e-02 2.801248e-02 
    61.5                2.539563e-02 0.000000e+00 2.362064e-03 2.384523e-03 1.972902e-03 5.455178e-03 1.389247e-02 2.362064e-03 2.384523e-03 9.562140e-03 2.688190e-02 2.604935e-02 
    62.5                2.302703e-02 0.000000e+00 1.992248e-03 2.050430e-03 1.646795e-03 4.522896e-03 1.263732e-02 1.992248e-03 2.050430e-03 8.084242e-03 2.419368e-02 2.357102e-02 
    63.5                2.044940e-02 0.000000e+00 1.761128e-03 1.786332e-03 1.060956e-03 3.747134e-03 1.120993e-02 1.761128e-03 1.786332e-03 6.561463e-03 2.129891e-02 2.091978e-02 
    64.5                1.824352e-02 0.000000e+00 1.530716e-03 1.566524e-03 6.878577e-04 3.268032e-03 9.944226e-03 1.530716e-03 1.566524e-03 5.553753e-03 1.889096e-02 1.863904e-02 
    65.5                1.444812e-02 0.000000e+00 1.163996e-03 1.191819e-03 3.990412e-04 2.649334e-03 7.823829e-03 1.163996e-03 1.191819e-03 4.289810e-03 1.491335e-02 1.474116e-02 
    66.5                1.130642e-02 0.000000e+00 9.238800e-04 9.367526e-04 1.997400e-04 1.768841e-03 6.177671e-03 9.238800e-04 9.367526e-04 3.013473e-03 1.157243e-02 1.152942e-02 
    67.5                9.067728e-03 0.000000e+00 6.803855e-04 6.938540e-04 8.907657e-05 1.297333e-03 4.964656e-03 6.803855e-04 6.938540e-04 2.167088e-03 9.233705e-03 9.222240e-03 
    68.5                6.515540e-03 0.000000e+00 4.821448e-04 4.891382e-04 4.677535e-05 9.224980e-04 3.567492e-03 4.821448e-04 4.891382e-04 1.540005e-03 6.622004e-03 6.617568e-03 
    69.5                4.837430e-03 0.000000e+00 3.031997e-04 3.112283e-04 3.577751e-05 5.389153e-04 2.683431e-03 3.031997e-04 3.112283e-04 9.394618e-04 4.888467e-03 4.893600e-03 
    70.5                3.229868e-03 0.000000e+00 1.626438e-04 1.650242e-04 2.604665e-05 2.695353e-04 1.817222e-03 1.626438e-04 1.650242e-04 4.929238e-04 3.250225e-03 3.253739e-03 
    71.5                1.075453e-03 0.000000e+00 4.036222e-05 4.036691e-05 1.424586e-05 5.027748e-05 6.170134e-04 4.036222e-05 4.036691e-05 1.138350e-04 1.078437e-03 1.079553e-03 
    72.5                6.682581e-06 0.000000e+00 6.734633e-08 7.074536e-08 1.444358e-07 4.046131e-08 3.913760e-06 6.734633e-08 7.074536e-08 2.560388e-07 6.685864e-06 6.684989e-06 
    73.5                0.000000e+00 0.000000e+00 0.000000e+00 0.000000e+00 0.000000e+00 0.000000e+00 0.000000e+00 0.000000e+00 0.000000e+00 0.000000e+00 0.000000e+00 0.000000e+00 
    74.5                0.000000e+00 0.000000e+00 0.000000e+00 0.000000e+00 0.000000e+00 0.000000e+00 0.000000e+00 0.000000e+00 0.000000e+00 0.000000e+00 0.000000e+00 0.000000e+00 
    75.5                0.000000e+00 0.000000e+00 0.000000e+00 0.000000e+00 0.000000e+00 0.000000e+00 0.000000e+00 0.000000e+00 0.000000e+00 0.000000e+00 0.000000e+00 0.000000e+00 
    76.5                0.000000e+00 0.000000e+00 0.000000e+00 0.000000e+00 0.000000e+00 0.000000e+00 0.000000e+00 0.000000e+00 0.000000e+00 0.000000e+00 0.000000e+00 0.000000e+00 
    77.5                0.000000e+00 0.000000e+00 0.000000e+00 0.000000e+00 0.000000e+00 0.000000e+00 0.000000e+00 0.000000e+00 0.000000e+00 0.000000e+00 0.000000e+00 0.000000e+00 
    78.5                0.000000e+00 0.000000e+00 0.000000e+00 0.000000e+00 0.000000e+00 0.000000e+00 0.000000e+00 0.000000e+00 0.000000e+00 0.000000e+00 0.000000e+00 0.000000e+00 
    79.5                0.000000e+00 0.000000e+00 0.000000e+00 0.000000e+00 0.000000e+00 0.000000e+00 0.000000e+00 0.000000e+00 0.000000e+00 0.000000e+00 0.000000e+00 0.000000e+00 


