# 80 rows of flux data
# 12 columns of flux data
# 
# total cross-sectional flux  7.976077e-02 /m^2/yr
#
#                             +x ram      -x wake      +y port -y starboard    +z zenith     -z nadir        Earth          Sun     anti-Sun      rot (x)      rot (y)      rot (z) 
# average speed (km/s)          0.10         0.08         0.14         0.24         0.94         0.81         5.24         0.10         0.22         0.39         0.23         0.58 
# total flux (#/m2/yr)  6.096858e-02 2.663969e-03 2.666558e-02 2.666809e-02 2.022452e-01 2.140513e-01 1.592425e-01 2.688096e-02 2.688462e-02 4.865230e-02 1.135977e-01 2.117945e-02 
# velocity (km/s)
     0.5                0.000000e+00 7.259283e-07 5.614097e-07 1.937646e-07 0.000000e+00 5.423040e-07 4.513356e-07 5.621232e-07 1.909866e-07 1.088055e-06 9.140538e-07 1.189087e-06 
     1.5                2.169540e-05 1.296756e-05 1.372660e-05 9.022230e-06 1.090416e-05 1.244221e-05 1.566050e-05 1.370476e-05 9.000165e-06 3.565431e-05 4.443895e-05 4.223156e-05 
     2.5                3.007524e-05 4.402554e-05 4.422863e-05 3.619950e-05 5.438921e-05 4.973847e-05 4.606057e-05 4.416745e-05 3.612639e-05 1.432444e-04 1.283601e-04 1.152678e-04 
     3.5                1.040160e-04 9.515060e-05 9.672178e-05 7.996357e-05 1.095437e-04 1.129048e-04 1.006544e-04 9.672016e-05 7.999657e-05 3.238397e-04 3.141956e-04 2.816587e-04 
     4.5                2.987990e-04 1.156390e-04 2.056786e-04 1.850954e-04 2.038191e-04 2.446121e-04 2.370634e-04 2.056635e-04 1.849633e-04 6.139724e-04 5.989556e-04 6.149539e-04 
     5.5                3.478202e-04 1.006093e-04 2.590103e-04 2.640268e-04 3.366286e-04 3.982722e-04 3.390738e-04 2.592770e-04 2.642689e-04 9.201061e-04 8.208834e-04 7.544620e-04 
     6.5                3.302087e-04 2.883099e-04 3.339430e-04 4.095902e-04 6.458572e-04 5.317423e-04 4.154316e-04 3.340878e-04 4.097268e-04 1.251182e-03 1.089715e-03 1.042023e-03 
     7.5                3.060688e-04 1.661310e-04 3.991033e-04 4.472545e-04 8.151120e-04 8.199412e-04 5.131115e-04 3.996338e-04 4.474733e-04 1.360934e-03 1.015260e-03 1.039799e-03 
     8.5                3.039831e-04 3.891503e-04 5.428837e-04 6.112160e-04 1.109359e-03 1.101303e-03 6.971771e-04 5.428162e-04 6.113511e-04 1.999014e-03 1.554157e-03 1.505092e-03 
     9.5                3.088129e-04 2.732578e-04 5.302638e-04 6.027070e-04 1.491741e-03 1.385739e-03 7.305322e-04 5.307881e-04 6.033266e-04 1.740268e-03 1.252038e-03 1.375423e-03 
    10.5                4.851514e-04 2.190788e-04 6.831105e-04 7.925097e-04 1.908868e-03 2.091828e-03 9.154107e-04 6.836943e-04 7.929091e-04 2.227197e-03 1.550637e-03 1.787106e-03 
    11.5                4.366346e-04 2.085427e-04 8.945157e-04 9.653299e-04 2.327867e-03 2.146339e-03 1.045447e-03 8.953506e-04 9.662303e-04 2.480179e-03 1.470219e-03 2.031172e-03 
    12.5                5.569581e-04 1.496350e-04 8.512732e-04 9.963943e-04 2.868940e-03 2.929905e-03 1.082075e-03 8.526318e-04 9.974807e-04 2.557079e-03 1.553145e-03 2.073784e-03 
    13.5                2.625173e-04 1.761439e-04 8.916194e-04 1.011255e-03 3.501494e-03 3.579099e-03 1.009798e-03 8.929646e-04 1.012503e-03 2.167205e-03 1.064036e-03 1.934420e-03 
    14.5                4.356656e-04 9.101866e-05 8.895788e-04 1.002504e-03 3.662374e-03 3.765396e-03 1.010243e-03 8.914988e-04 1.004337e-03 2.267632e-03 1.269817e-03 1.993241e-03 
    15.5                2.705528e-04 7.901164e-05 9.521323e-04 1.004771e-03 4.286981e-03 4.164759e-03 1.038464e-03 9.534272e-04 1.005826e-03 2.019277e-03 8.588596e-04 1.916894e-03 
    16.5                2.434162e-04 6.311450e-05 9.274684e-04 1.029161e-03 4.822852e-03 4.962095e-03 1.005658e-03 9.297277e-04 1.030655e-03 1.890937e-03 7.135373e-04 1.868799e-03 
    17.5                1.680766e-04 5.949309e-05 8.903340e-04 9.449893e-04 5.033493e-03 5.133637e-03 9.187926e-04 8.922983e-04 9.480349e-04 1.113158e-03 2.355668e-04 1.610790e-03 
    18.5                2.292876e-04 3.979611e-05 9.579755e-04 1.163220e-03 5.282190e-03 5.711936e-03 9.390997e-04 9.608946e-04 1.165271e-03 1.472102e-03 5.185595e-04 1.851597e-03 
    19.5                1.719651e-04 2.120057e-05 1.011139e-03 9.708564e-04 6.257011e-03 6.327726e-03 1.060505e-03 1.013158e-03 9.724596e-04 6.288638e-04 6.965047e-04 1.563295e-03 
    20.5                1.362518e-04 2.370988e-05 9.100227e-04 9.808671e-04 6.405880e-03 6.528353e-03 1.067806e-03 9.122292e-04 9.849576e-04 7.026567e-04 5.343537e-04 1.626125e-03 
    21.5                4.248929e-05 4.377484e-05 8.904341e-04 1.065083e-03 6.916616e-03 6.893904e-03 1.113504e-03 8.933394e-04 1.067316e-03 5.988372e-04 6.024008e-04 1.582564e-03 
    22.5                4.372975e-04 1.726946e-05 9.176395e-04 8.111976e-04 7.299936e-03 7.708858e-03 1.084555e-03 9.214987e-04 8.129006e-04 6.566898e-04 1.765792e-03 1.122677e-03 
    23.5                1.241463e-03 1.292152e-05 6.801455e-04 7.336361e-04 7.353838e-03 7.738359e-03 1.020137e-03 6.817024e-04 7.380162e-04 1.798911e-03 3.202055e-03 3.781202e-04 
    24.5                7.441535e-04 1.110952e-05 6.950708e-04 6.829682e-04 7.339248e-03 7.560079e-03 9.827845e-04 7.005614e-04 6.874508e-04 1.327471e-03 2.465389e-03 5.026463e-04 
    25.5                1.639355e-03 8.358017e-06 6.142225e-04 4.283551e-04 7.835640e-03 8.154123e-03 1.063047e-03 6.174533e-04 4.291570e-04 2.773313e-03 4.137552e-03 5.707125e-04 
    26.5                1.795488e-03 5.444266e-06 4.423295e-04 5.577727e-04 7.892534e-03 7.877399e-03 1.117804e-03 4.489450e-04 5.629540e-04 3.402819e-03 4.779865e-03 7.901194e-04 
    27.5                2.394999e-03 2.274990e-06 3.282986e-04 2.829667e-04 7.533727e-03 8.315736e-03 1.426357e-03 3.297207e-04 2.894220e-04 4.519353e-03 5.939283e-03 1.624592e-03 
    28.5                2.180362e-03 5.419461e-07 2.794931e-04 2.695858e-04 7.624302e-03 8.016365e-03 1.261200e-03 2.922666e-04 2.775992e-04 4.320312e-03 5.584473e-03 1.472918e-03 
    29.5                2.213464e-03 4.416436e-08 2.309419e-04 1.882535e-04 7.878887e-03 7.837571e-03 1.397660e-03 2.337445e-04 1.971219e-04 4.300818e-03 5.470672e-03 1.586290e-03 
    30.5                3.881954e-03 0.000000e+00 9.278462e-05 5.092220e-05 8.123171e-03 7.808183e-03 1.542075e-03 1.080850e-04 6.600737e-05 5.684190e-03 7.621560e-03 3.325521e-03 
    31.5                2.789597e-03 0.000000e+00 1.111378e-04 1.759115e-04 6.510386e-03 7.322988e-03 1.990629e-03 1.251030e-04 1.892166e-04 4.439453e-03 5.862074e-03 2.302302e-03 
    32.5                3.707206e-03 0.000000e+00 1.517853e-04 3.588810e-04 7.156254e-03 7.274499e-03 2.087608e-03 1.568400e-04 3.608647e-04 6.259301e-03 7.608083e-03 3.476653e-03 
    33.5                3.622826e-03 0.000000e+00 1.873713e-04 1.027481e-04 6.366807e-03 6.702445e-03 2.237623e-03 1.975311e-04 1.179634e-04 5.418239e-03 7.108584e-03 3.354884e-03 
    34.5                2.782424e-03 0.000000e+00 2.216334e-04 1.750070e-04 5.718872e-03 6.072207e-03 2.184459e-03 2.196536e-04 1.815009e-04 4.095494e-03 5.499355e-03 2.317797e-03 
    35.5                2.838505e-03 0.000000e+00 9.236893e-05 2.732353e-05 5.789855e-03 5.815244e-03 1.979173e-03 1.034035e-04 2.069724e-05 4.576148e-03 5.765589e-03 2.481637e-03 
    36.5                2.981578e-03 0.000000e+00 1.134952e-04 1.198369e-04 5.010192e-03 5.689397e-03 2.804905e-03 1.230403e-04 1.338351e-04 4.610833e-03 5.877509e-03 2.646908e-03 
    37.5                3.286853e-03 0.000000e+00 7.846645e-05 4.699033e-05 4.695206e-03 5.327457e-03 2.600394e-03 7.899886e-05 5.473402e-05 4.326564e-03 5.819876e-03 2.950345e-03 
    38.5                2.017794e-03 0.000000e+00 2.103361e-04 1.674524e-04 3.949331e-03 4.258286e-03 2.475210e-03 2.177977e-04 1.690495e-04 3.011406e-03 4.012915e-03 1.652875e-03 
    39.5                1.770081e-03 0.000000e+00 2.260875e-04 2.891519e-04 3.122876e-03 3.123105e-03 2.945287e-03 2.305880e-04 2.962773e-04 2.568351e-03 3.515629e-03 1.369589e-03 
    40.5                1.236439e-03 0.000000e+00 3.227480e-04 3.758915e-04 3.151197e-03 3.065066e-03 2.702150e-03 3.368743e-04 3.762838e-04 2.146659e-03 2.799695e-03 8.781028e-04 
    41.5                1.449511e-03 0.000000e+00 4.997022e-04 3.546049e-04 3.432317e-03 3.601018e-03 2.983683e-03 4.886234e-04 3.602328e-04 1.764952e-03 2.712925e-03 1.088816e-03 
    42.5                2.011257e-04 0.000000e+00 5.975096e-04 4.345442e-04 2.189858e-03 2.471795e-03 3.079431e-03 5.993131e-04 4.350802e-04 9.953037e-04 1.244480e-03 3.466027e-04 
    43.5                2.295293e-03 0.000000e+00 1.681809e-04 1.751572e-04 1.976836e-03 2.427199e-03 3.836588e-03 1.747486e-04 1.731650e-04 2.570368e-03 3.719273e-03 2.010858e-03 
    44.5                2.035454e-03 0.000000e+00 3.970526e-04 4.522857e-04 2.299527e-03 2.492578e-03 3.952283e-03 3.976081e-04 4.535253e-04 1.835794e-03 3.219748e-03 1.592019e-03 
    45.5                3.208176e-03 0.000000e+00 3.182441e-04 2.035624e-04 1.719935e-03 2.212969e-03 4.787037e-03 3.203739e-04 2.024756e-04 2.492366e-03 4.434384e-03 2.879518e-03 
    46.5                2.216755e-03 0.000000e+00 2.445994e-04 3.858139e-04 1.399300e-03 1.632478e-03 3.846427e-03 2.519584e-04 3.862846e-04 1.597114e-03 3.093939e-03 1.874717e-03 
    47.5                1.549314e-03 0.000000e+00 5.117521e-04 4.101553e-04 1.183671e-03 9.049180e-04 4.692863e-03 5.100030e-04 4.131753e-04 1.107173e-03 2.254316e-03 1.209791e-03 
    48.5                2.835812e-03 0.000000e+00 2.826014e-04 2.011228e-04 1.800789e-03 1.611225e-03 4.803823e-03 2.829732e-04 2.011604e-04 2.031894e-03 3.793591e-03 2.525399e-03 
    49.5                1.390298e-03 0.000000e+00 4.635573e-04 4.685601e-04 1.361743e-03 8.485863e-04 5.415718e-03 4.630758e-04 4.699275e-04 8.064909e-04 1.960280e-03 1.032678e-03 
    50.5                9.974455e-04 0.000000e+00 6.123465e-04 5.810357e-04 6.185308e-04 1.314781e-03 6.074704e-03 6.125282e-04 5.831301e-04 8.657035e-04 1.284746e-03 1.197009e-03 
    51.5                1.935187e-03 0.000000e+00 6.654894e-04 7.924993e-04 5.979950e-04 8.885484e-04 5.847221e-03 6.692830e-04 7.934602e-04 1.278289e-03 1.912602e-03 2.359324e-03 
    52.5                4.688149e-03 0.000000e+00 9.420652e-04 7.280111e-04 9.257240e-04 1.070233e-03 6.462419e-03 9.406556e-04 7.269789e-04 1.844278e-03 4.666092e-03 5.081183e-03 
    53.5                2.009498e-03 0.000000e+00 5.425121e-04 4.898732e-04 7.477835e-04 8.296652e-04 6.126527e-03 5.465329e-04 4.884896e-04 7.051265e-04 1.742132e-03 2.310065e-03 
    54.5                2.492020e-03 0.000000e+00 2.746490e-04 1.560350e-04 1.170882e-03 1.457452e-03 7.231211e-03 2.682993e-04 1.587377e-04 6.261671e-04 2.870662e-03 2.265270e-03 
    55.5                9.064783e-04 0.000000e+00 3.141179e-04 3.358304e-04 1.510008e-03 1.158717e-03 6.832241e-03 3.155181e-04 3.402659e-04 4.304234e-04 1.149715e-03 7.119251e-04 
    56.5                1.249627e-03 0.000000e+00 5.430743e-04 5.004604e-04 1.158864e-03 1.403962e-03 6.996903e-03 5.413189e-04 5.010510e-04 1.459084e-03 1.381445e-03 1.468664e-03 
    57.5                6.791944e-04 0.000000e+00 4.019300e-04 3.319661e-04 1.161527e-03 1.449399e-03 6.783666e-03 4.043055e-04 3.339476e-04 1.093604e-03 7.348554e-04 7.146414e-04 
    58.5                1.585861e-03 0.000000e+00 1.747014e-04 1.411777e-04 1.014775e-03 1.111885e-03 5.923604e-03 1.747626e-04 1.386868e-04 1.319489e-04 1.721296e-03 1.429774e-03 
    59.5                1.221173e-03 0.000000e+00 2.788160e-04 1.960332e-04 1.143720e-03 1.457816e-03 5.695100e-03 2.768251e-04 1.958640e-04 8.590318e-04 1.303198e-03 1.324817e-03 
    60.5                1.074468e-03 0.000000e+00 2.911853e-04 2.926663e-04 1.166135e-03 1.279157e-03 5.381116e-03 2.937017e-04 2.933514e-04 1.121875e-03 1.216466e-03 1.217685e-03 
    61.5                1.208827e-03 0.000000e+00 1.442669e-04 1.034698e-04 1.002476e-03 1.302336e-03 4.795424e-03 1.470869e-04 1.126286e-04 6.437301e-04 1.205117e-03 1.164624e-03 
    62.5                1.014118e-03 0.000000e+00 1.302802e-04 8.909966e-05 9.711114e-04 1.141473e-03 4.375363e-03 1.290986e-04 8.648057e-05 4.748731e-04 9.591969e-04 9.514792e-04 
    63.5                1.551049e-03 0.000000e+00 5.167833e-05 4.352693e-05 8.154452e-04 1.027630e-03 3.873636e-03 6.154548e-05 5.536772e-05 4.028387e-04 1.514087e-03 1.530453e-03 
    64.5                1.335093e-03 0.000000e+00 6.362894e-05 7.325993e-05 8.248151e-04 9.995429e-04 3.506196e-03 6.141402e-05 8.541518e-05 4.878440e-04 1.283870e-03 1.331866e-03 
    65.5                1.240350e-03 0.000000e+00 4.059771e-05 6.086108e-05 7.169727e-04 8.164745e-04 2.722523e-03 4.100559e-05 5.668666e-05 2.102147e-04 1.184483e-03 1.238001e-03 
    66.5                1.040427e-03 0.000000e+00 5.700974e-05 7.991843e-05 5.179043e-04 5.822995e-04 2.174576e-03 5.797423e-05 7.969642e-05 1.683277e-04 9.894574e-04 1.052780e-03 
    67.5                1.465610e-03 0.000000e+00 8.887302e-05 9.355058e-05 3.868951e-04 4.314084e-04 1.752239e-03 8.933472e-05 9.417398e-05 1.146194e-04 1.440211e-03 1.483818e-03 
    68.5                1.415664e-03 0.000000e+00 9.575574e-05 1.063573e-04 2.485515e-04 3.168388e-04 1.272080e-03 9.571000e-05 1.063979e-04 2.127876e-04 1.410991e-03 1.435629e-03 
    69.5                1.378731e-03 0.000000e+00 7.994573e-05 8.679765e-05 1.345829e-04 1.837756e-04 9.887647e-04 7.998401e-05 8.682078e-05 1.962228e-04 1.380011e-03 1.393187e-03 
    70.5                1.097310e-03 0.000000e+00 5.415018e-05 5.645158e-05 4.452799e-05 1.003115e-04 7.096811e-04 5.416469e-05 5.645511e-05 1.507473e-04 1.101588e-03 1.105242e-03 
    71.5                4.093424e-04 0.000000e+00 1.553189e-05 1.558602e-05 4.452131e-06 2.003906e-05 2.555020e-04 1.553187e-05 1.558596e-05 4.313690e-05 4.104158e-04 4.109308e-04 
    72.5                2.893642e-06 0.000000e+00 2.916182e-08 3.063364e-08 6.254253e-08 1.752026e-08 1.694708e-06 2.916182e-08 3.063364e-08 1.108680e-07 2.895064e-06 2.894685e-06 
    73.5                0.000000e+00 0.000000e+00 0.000000e+00 0.000000e+00 0.000000e+00 0.000000e+00 0.000000e+00 0.000000e+00 0.000000e+00 0.000000e+00 0.000000e+00 0.000000e+00 
    74.5                0.000000e+00 0.000000e+00 0.000000e+00 0.000000e+00 0.000000e+00 0.000000e+00 0.000000e+00 0.000000e+00 0.000000e+00 0.000000e+00 0.000000e+00 0.000000e+00 
    75.5                0.000000e+00 0.000000e+00 0.000000e+00 0.000000e+00 0.000000e+00 0.000000e+00 0.000000e+00 0.000000e+00 0.000000e+00 0.000000e+00 0.000000e+00 0.000000e+00 
    76.5                0.000000e+00 0.000000e+00 0.000000e+00 0.000000e+00 0.000000e+00 0.000000e+00 0.000000e+00 0.000000e+00 0.000000e+00 0.000000e+00 0.000000e+00 0.000000e+00 
    77.5                0.000000e+00 0.000000e+00 0.000000e+00 0.000000e+00 0.000000e+00 0.000000e+00 0.000000e+00 0.000000e+00 0.000000e+00 0.000000e+00 0.000000e+00 0.000000e+00 
    78.5                0.000000e+00 0.000000e+00 0.000000e+00 0.000000e+00 0.000000e+00 0.000000e+00 0.000000e+00 0.000000e+00 0.000000e+00 0.000000e+00 0.000000e+00 0.000000e+00 
    79.5                0.000000e+00 0.000000e+00 0.000000e+00 0.000000e+00 0.000000e+00 0.000000e+00 0.000000e+00 0.000000e+00 0.000000e+00 0.000000e+00 0.000000e+00 0.000000e+00 


