# 80 rows of flux data
# 12 columns of flux data
# 
# total cross-sectional flux  3.099303e-01 /m^2/yr
#
#                             +x ram      -x wake      +y port -y starboard    +z zenith     -z nadir        Earth          Sun     anti-Sun      rot (x)      rot (y)      rot (z) 
# average speed (km/s)          0.88         0.94         1.19         1.27         0.29         0.25         1.35         1.19         1.27         0.96         0.80         1.28 
# total flux (#/m2/yr)  1.560083e-01 5.186663e-02 7.183606e-02 7.168727e-02 7.421797e-01 7.329846e-01 1.231682e-01 7.215661e-02 7.185977e-02 2.997097e-01 2.835931e-01 1.696946e-01 
# velocity (km/s)
     0.5                0.000000e+00 0.000000e+00 0.000000e+00 0.000000e+00 0.000000e+00 0.000000e+00 0.000000e+00 0.000000e+00 0.000000e+00 0.000000e+00 0.000000e+00 0.000000e+00 
     1.5                0.000000e+00 0.000000e+00 0.000000e+00 0.000000e+00 0.000000e+00 0.000000e+00 0.000000e+00 0.000000e+00 0.000000e+00 0.000000e+00 0.000000e+00 0.000000e+00 
     2.5                7.412518e-05 0.000000e+00 8.804902e-06 1.027335e-05 5.764785e-06 5.730831e-06 1.567390e-05 8.741625e-06 1.035481e-05 2.245307e-05 7.499703e-05 7.709192e-05 
     3.5                2.831605e-04 1.841188e-05 5.804715e-05 6.691651e-05 7.767254e-05 6.659230e-05 7.479097e-05 5.791456e-05 6.704796e-05 2.082871e-04 3.428221e-04 3.317156e-04 
     4.5                8.351339e-04 1.349075e-04 2.320868e-04 2.705958e-04 1.954817e-04 1.835570e-04 3.655151e-04 2.324093e-04 2.699263e-04 6.879374e-04 1.064556e-03 1.129723e-03 
     5.5                2.424074e-03 5.566743e-04 9.309652e-04 9.485116e-04 6.628980e-04 7.178151e-04 1.233814e-03 9.307543e-04 9.485278e-04 2.538730e-03 3.422525e-03 3.738466e-03 
     6.5                3.154800e-03 1.334222e-03 1.606407e-03 1.712382e-03 1.286585e-03 1.255672e-03 1.945455e-03 1.606607e-03 1.711963e-03 4.541618e-03 5.385662e-03 6.021290e-03 
     7.5                4.439752e-03 2.802756e-03 2.855001e-03 3.016104e-03 2.330052e-03 2.265836e-03 3.145579e-03 2.854785e-03 3.015818e-03 7.775468e-03 8.829111e-03 1.014302e-02 
     8.5                4.875764e-03 5.796133e-03 4.466398e-03 4.524127e-03 3.429429e-03 3.395054e-03 4.800544e-03 4.466609e-03 4.524133e-03 1.157467e-02 1.289096e-02 1.532982e-02 
     9.5                5.357538e-03 7.504936e-03 6.082434e-03 6.316568e-03 5.137086e-03 5.154939e-03 6.409427e-03 6.081702e-03 6.317635e-03 1.554471e-02 1.582881e-02 1.945853e-02 
    10.5                6.345810e-03 7.142677e-03 7.754920e-03 8.072694e-03 6.967119e-03 7.025657e-03 8.569787e-03 7.756383e-03 8.071638e-03 1.895896e-02 1.689970e-02 2.253686e-02 
    11.5                5.537360e-03 6.678629e-03 9.322266e-03 9.569287e-03 9.086586e-03 9.165237e-03 1.043565e-02 9.322074e-03 9.569361e-03 2.130409e-02 1.574118e-02 2.401773e-02 
    12.5                3.266495e-03 5.506441e-03 9.086778e-03 9.394189e-03 1.193625e-02 1.225807e-02 1.051555e-02 9.087798e-03 9.392419e-03 1.874214e-02 1.079764e-02 2.118123e-02 
    13.5                1.816106e-03 4.498664e-03 9.258139e-03 9.826397e-03 1.557909e-02 1.600130e-02 1.131405e-02 9.257405e-03 9.827620e-03 1.711778e-02 6.670865e-03 2.018784e-02 
    14.5                6.253878e-04 3.603921e-03 8.958764e-03 9.530414e-03 2.011041e-02 1.970583e-02 1.174451e-02 8.958651e-03 9.529802e-03 1.373045e-02 1.784157e-03 1.818777e-02 
    15.5                1.943642e-03 2.670386e-03 8.754231e-03 9.220869e-03 2.381909e-02 2.374691e-02 1.220741e-02 8.754696e-03 9.220639e-03 1.081799e-02 3.538513e-03 1.603048e-02 
    16.5                4.843228e-03 2.023511e-03 7.060439e-03 7.595665e-03 2.883594e-02 2.902114e-02 1.107938e-02 7.061160e-03 7.595647e-03 4.283343e-03 1.043414e-02 1.138343e-02 
    17.5                5.395717e-03 1.139190e-03 6.246726e-03 6.726240e-03 3.199155e-02 3.177473e-02 1.106403e-02 6.247115e-03 6.726285e-03 1.386744e-03 1.392037e-02 9.142402e-03 
    18.5                6.299308e-03 7.112404e-04 5.149674e-03 5.795733e-03 3.492657e-02 3.353067e-02 1.118762e-02 5.149271e-03 5.796830e-03 2.207812e-03 1.727608e-02 6.873755e-03 
    19.5                8.195359e-03 2.212971e-04 2.465885e-03 2.896500e-03 3.812968e-02 3.861888e-02 9.062849e-03 2.466004e-03 2.899206e-03 9.143932e-03 2.254902e-02 1.304668e-03 
    20.5                9.215981e-03 4.144531e-05 6.059572e-04 1.219117e-03 4.047017e-02 4.029393e-02 8.259345e-03 5.991114e-04 1.217033e-03 1.391663e-02 2.603266e-02 3.773573e-03 
    21.5                8.737836e-03 1.685535e-04 1.543277e-03 9.462382e-04 4.195286e-02 4.145958e-02 7.729891e-03 1.549615e-03 9.506427e-04 1.771031e-02 2.683729e-02 6.761194e-03 
    22.5                8.072572e-03 1.433088e-04 2.823067e-03 2.528607e-03 4.220291e-02 4.181785e-02 7.570260e-03 2.826280e-03 2.530111e-03 1.963056e-02 2.641531e-02 8.746415e-03 
    23.5                8.608099e-03 7.774534e-05 4.769210e-03 4.377157e-03 4.204766e-02 4.179848e-02 6.902328e-03 4.770995e-03 4.380506e-03 2.275348e-02 2.686291e-02 1.263223e-02 
    24.5                7.828200e-03 1.392322e-05 6.144732e-03 6.050139e-03 4.086665e-02 4.046876e-02 6.943795e-03 6.149946e-03 6.050072e-03 2.433568e-02 2.491505e-02 1.478747e-02 
    25.5                7.707710e-03 8.745792e-08 7.247217e-03 6.967440e-03 3.938145e-02 3.879741e-02 6.439065e-03 7.249227e-03 6.970119e-03 2.501645e-02 2.322363e-02 1.670514e-02 
    26.5                7.997805e-03 0.000000e+00 8.833327e-03 8.745008e-03 3.758540e-02 3.697230e-02 6.930818e-03 8.838232e-03 8.747101e-03 2.694803e-02 2.193847e-02 1.977453e-02 
    27.5                8.572097e-03 0.000000e+00 1.013498e-02 1.026186e-02 3.486567e-02 3.448636e-02 7.323244e-03 1.013866e-02 1.026427e-02 2.803379e-02 2.021395e-02 2.258627e-02 
    28.5                8.194394e-03 0.000000e+00 1.046536e-02 1.042688e-02 3.199042e-02 3.132135e-02 7.450865e-03 1.046895e-02 1.042816e-02 2.688337e-02 1.743074e-02 2.278993e-02 
    29.5                9.086326e-03 0.000000e+00 1.163828e-02 1.205180e-02 2.991869e-02 2.916973e-02 8.527991e-03 1.164421e-02 1.205378e-02 2.860578e-02 1.678065e-02 2.569889e-02 
    30.5                8.709912e-03 0.000000e+00 1.139742e-02 1.171978e-02 2.650639e-02 2.601744e-02 8.509386e-03 1.140381e-02 1.172315e-02 2.664407e-02 1.427561e-02 2.495670e-02 
    31.5                8.667752e-03 0.000000e+00 1.142879e-02 1.172050e-02 2.327863e-02 2.275725e-02 8.721064e-03 1.143460e-02 1.172325e-02 2.550599e-02 1.231414e-02 2.490394e-02 
    32.5                8.478037e-03 0.000000e+00 1.101733e-02 1.162492e-02 2.011953e-02 1.958182e-02 8.738735e-03 1.102498e-02 1.162816e-02 2.395012e-02 1.045681e-02 2.427952e-02 
    33.5                8.688997e-03 0.000000e+00 1.098417e-02 1.146341e-02 1.709554e-02 1.669889e-02 8.965991e-03 1.098953e-02 1.146614e-02 2.295466e-02 9.430775e-03 2.416582e-02 
    34.5                8.341768e-03 0.000000e+00 1.007656e-02 1.077463e-02 1.430399e-02 1.391599e-02 8.547328e-03 1.008445e-02 1.077764e-02 2.075701e-02 8.160759e-03 2.250426e-02 
    35.5                7.684965e-03 0.000000e+00 9.083833e-03 9.615992e-03 1.155607e-02 1.116525e-02 7.974345e-03 9.092605e-03 9.618892e-03 1.815502e-02 6.806683e-03 2.022840e-02 
    36.5                6.683620e-03 0.000000e+00 7.668564e-03 8.281196e-03 9.081531e-03 8.791621e-03 6.879493e-03 7.676818e-03 8.283945e-03 1.504137e-02 5.271576e-03 1.727760e-02 
    37.5                6.223972e-03 0.000000e+00 6.876844e-03 7.495919e-03 7.059652e-03 6.854401e-03 6.381307e-03 6.884328e-03 7.498072e-03 1.334162e-02 4.648542e-03 1.563534e-02 
    38.5                5.199826e-03 0.000000e+00 5.557729e-03 6.051597e-03 5.314009e-03 5.170713e-03 5.300254e-03 5.565344e-03 6.053952e-03 1.052244e-02 3.572870e-03 1.267524e-02 
    39.5                4.401950e-03 0.000000e+00 4.419381e-03 5.038336e-03 3.890158e-03 3.799019e-03 4.340978e-03 4.427422e-03 5.040361e-03 8.458723e-03 2.953575e-03 1.037912e-02 
    40.5                3.660304e-03 0.000000e+00 3.606241e-03 3.979771e-03 2.744632e-03 2.690412e-03 3.629906e-03 3.613363e-03 3.981374e-03 6.733914e-03 2.480681e-03 8.368350e-03 
    41.5                2.817219e-03 0.000000e+00 2.582273e-03 2.972950e-03 1.825962e-03 1.825226e-03 2.661580e-03 2.588848e-03 2.974131e-03 4.885691e-03 1.929117e-03 6.177362e-03 
    42.5                1.846077e-03 0.000000e+00 1.647224e-03 1.926306e-03 1.177979e-03 1.207211e-03 1.739360e-03 1.652086e-03 1.927072e-03 3.072576e-03 1.203992e-03 3.981223e-03 
    43.5                1.278632e-03 0.000000e+00 1.080889e-03 1.296005e-03 7.288376e-04 7.638327e-04 1.141940e-03 1.085286e-03 1.296790e-03 2.033352e-03 8.870497e-04 2.655115e-03 
    44.5                7.742910e-04 0.000000e+00 6.238255e-04 7.585344e-04 3.982473e-04 4.331836e-04 6.729203e-04 6.269966e-04 7.587842e-04 1.181622e-03 5.598949e-04 1.552402e-03 
    45.5                3.782062e-04 0.000000e+00 2.857530e-04 3.602139e-04 2.026287e-04 2.273495e-04 2.967600e-04 2.875662e-04 3.604707e-04 5.485485e-04 3.012362e-04 7.251227e-04 
    46.5                1.415719e-04 0.000000e+00 1.082666e-04 1.293709e-04 6.506776e-05 7.488321e-05 1.125354e-04 1.090666e-04 1.294411e-04 2.004988e-04 1.179460e-04 2.629354e-04 
    47.5                3.399852e-05 0.000000e+00 2.185946e-05 3.258595e-05 1.751421e-05 1.965664e-05 2.004045e-05 2.202510e-05 3.261002e-05 4.657678e-05 3.358839e-05 5.911832e-05 
    48.5                8.422436e-06 0.000000e+00 5.613966e-06 6.709282e-06 2.625525e-06 2.888891e-06 5.601735e-06 5.631643e-06 6.709400e-06 1.121639e-05 8.860562e-06 1.383131e-05 
    49.5                0.000000e+00 0.000000e+00 0.000000e+00 0.000000e+00 0.000000e+00 0.000000e+00 0.000000e+00 0.000000e+00 0.000000e+00 0.000000e+00 0.000000e+00 0.000000e+00 
    50.5                0.000000e+00 0.000000e+00 0.000000e+00 0.000000e+00 0.000000e+00 0.000000e+00 0.000000e+00 0.000000e+00 0.000000e+00 0.000000e+00 0.000000e+00 0.000000e+00 
    51.5                0.000000e+00 0.000000e+00 0.000000e+00 0.000000e+00 0.000000e+00 0.000000e+00 0.000000e+00 0.000000e+00 0.000000e+00 0.000000e+00 0.000000e+00 0.000000e+00 
    52.5                0.000000e+00 0.000000e+00 0.000000e+00 0.000000e+00 0.000000e+00 0.000000e+00 0.000000e+00 0.000000e+00 0.000000e+00 0.000000e+00 0.000000e+00 0.000000e+00 
    53.5                0.000000e+00 0.000000e+00 0.000000e+00 0.000000e+00 0.000000e+00 0.000000e+00 0.000000e+00 0.000000e+00 0.000000e+00 0.000000e+00 0.000000e+00 0.000000e+00 
    54.5                0.000000e+00 0.000000e+00 0.000000e+00 0.000000e+00 0.000000e+00 0.000000e+00 0.000000e+00 0.000000e+00 0.000000e+00 0.000000e+00 0.000000e+00 0.000000e+00 
    55.5                0.000000e+00 0.000000e+00 0.000000e+00 0.000000e+00 0.000000e+00 0.000000e+00 0.000000e+00 0.000000e+00 0.000000e+00 0.000000e+00 0.000000e+00 0.000000e+00 
    56.5                0.000000e+00 0.000000e+00 0.000000e+00 0.000000e+00 0.000000e+00 0.000000e+00 0.000000e+00 0.000000e+00 0.000000e+00 0.000000e+00 0.000000e+00 0.000000e+00 
    57.5                0.000000e+00 0.000000e+00 0.000000e+00 0.000000e+00 0.000000e+00 0.000000e+00 0.000000e+00 0.000000e+00 0.000000e+00 0.000000e+00 0.000000e+00 0.000000e+00 
    58.5                0.000000e+00 0.000000e+00 0.000000e+00 0.000000e+00 0.000000e+00 0.000000e+00 0.000000e+00 0.000000e+00 0.000000e+00 0.000000e+00 0.000000e+00 0.000000e+00 
    59.5                0.000000e+00 0.000000e+00 0.000000e+00 0.000000e+00 0.000000e+00 0.000000e+00 0.000000e+00 0.000000e+00 0.000000e+00 0.000000e+00 0.000000e+00 0.000000e+00 
    60.5                0.000000e+00 0.000000e+00 0.000000e+00 0.000000e+00 0.000000e+00 0.000000e+00 0.000000e+00 0.000000e+00 0.000000e+00 0.000000e+00 0.000000e+00 0.000000e+00 
    61.5                0.000000e+00 0.000000e+00 0.000000e+00 0.000000e+00 0.000000e+00 0.000000e+00 0.000000e+00 0.000000e+00 0.000000e+00 0.000000e+00 0.000000e+00 0.000000e+00 
    62.5                0.000000e+00 0.000000e+00 0.000000e+00 0.000000e+00 0.000000e+00 0.000000e+00 0.000000e+00 0.000000e+00 0.000000e+00 0.000000e+00 0.000000e+00 0.000000e+00 
    63.5                0.000000e+00 0.000000e+00 0.000000e+00 0.000000e+00 0.000000e+00 0.000000e+00 0.000000e+00 0.000000e+00 0.000000e+00 0.000000e+00 0.000000e+00 0.000000e+00 
    64.5                0.000000e+00 0.000000e+00 0.000000e+00 0.000000e+00 0.000000e+00 0.000000e+00 0.000000e+00 0.000000e+00 0.000000e+00 0.000000e+00 0.000000e+00 0.000000e+00 
    65.5                0.000000e+00 0.000000e+00 0.000000e+00 0.000000e+00 0.000000e+00 0.000000e+00 0.000000e+00 0.000000e+00 0.000000e+00 0.000000e+00 0.000000e+00 0.000000e+00 
    66.5                0.000000e+00 0.000000e+00 0.000000e+00 0.000000e+00 0.000000e+00 0.000000e+00 0.000000e+00 0.000000e+00 0.000000e+00 0.000000e+00 0.000000e+00 0.000000e+00 
    67.5                0.000000e+00 0.000000e+00 0.000000e+00 0.000000e+00 0.000000e+00 0.000000e+00 0.000000e+00 0.000000e+00 0.000000e+00 0.000000e+00 0.000000e+00 0.000000e+00 
    68.5                0.000000e+00 0.000000e+00 0.000000e+00 0.000000e+00 0.000000e+00 0.000000e+00 0.000000e+00 0.000000e+00 0.000000e+00 0.000000e+00 0.000000e+00 0.000000e+00 
    69.5                0.000000e+00 0.000000e+00 0.000000e+00 0.000000e+00 0.000000e+00 0.000000e+00 0.000000e+00 0.000000e+00 0.000000e+00 0.000000e+00 0.000000e+00 0.000000e+00 
    70.5                0.000000e+00 0.000000e+00 0.000000e+00 0.000000e+00 0.000000e+00 0.000000e+00 0.000000e+00 0.000000e+00 0.000000e+00 0.000000e+00 0.000000e+00 0.000000e+00 
    71.5                0.000000e+00 0.000000e+00 0.000000e+00 0.000000e+00 0.000000e+00 0.000000e+00 0.000000e+00 0.000000e+00 0.000000e+00 0.000000e+00 0.000000e+00 0.000000e+00 
    72.5                0.000000e+00 0.000000e+00 0.000000e+00 0.000000e+00 0.000000e+00 0.000000e+00 0.000000e+00 0.000000e+00 0.000000e+00 0.000000e+00 0.000000e+00 0.000000e+00 
    73.5                0.000000e+00 0.000000e+00 0.000000e+00 0.000000e+00 0.000000e+00 0.000000e+00 0.000000e+00 0.000000e+00 0.000000e+00 0.000000e+00 0.000000e+00 0.000000e+00 
    74.5                0.000000e+00 0.000000e+00 0.000000e+00 0.000000e+00 0.000000e+00 0.000000e+00 0.000000e+00 0.000000e+00 0.000000e+00 0.000000e+00 0.000000e+00 0.000000e+00 
    75.5                0.000000e+00 0.000000e+00 0.000000e+00 0.000000e+00 0.000000e+00 0.000000e+00 0.000000e+00 0.000000e+00 0.000000e+00 0.000000e+00 0.000000e+00 0.000000e+00 
    76.5                0.000000e+00 0.000000e+00 0.000000e+00 0.000000e+00 0.000000e+00 0.000000e+00 0.000000e+00 0.000000e+00 0.000000e+00 0.000000e+00 0.000000e+00 0.000000e+00 
    77.5                0.000000e+00 0.000000e+00 0.000000e+00 0.000000e+00 0.000000e+00 0.000000e+00 0.000000e+00 0.000000e+00 0.000000e+00 0.000000e+00 0.000000e+00 0.000000e+00 
    78.5                0.000000e+00 0.000000e+00 0.000000e+00 0.000000e+00 0.000000e+00 0.000000e+00 0.000000e+00 0.000000e+00 0.000000e+00 0.000000e+00 0.000000e+00 0.000000e+00 
    79.5                0.000000e+00 0.000000e+00 0.000000e+00 0.000000e+00 0.000000e+00 0.000000e+00 0.000000e+00 0.000000e+00 0.000000e+00 0.000000e+00 0.000000e+00 0.000000e+00 


