# 80 rows of flux data
# 12 columns of flux data
# 
# total cross-sectional flux  4.483392e+00 /m^2/yr
#
#                             +x ram      -x wake      +y port -y starboard    +z zenith     -z nadir        Earth          Sun     anti-Sun      rot (x)      rot (y)      rot (z) 
# average speed (km/s)         26.59        14.13        25.84        25.84        23.70        23.70        26.03        25.84        25.84        25.20        24.15        25.47 
# total flux (#/m2/yr)  1.181737e+00 1.615209e-01 1.756484e+00 1.756478e+00 9.187662e-01 9.174122e-01 1.728662e+00 1.756496e+00 1.756482e+00 4.161363e+00 2.469692e+00 3.906311e+00 
# velocity (km/s)
     0.5                0.000000e+00 0.000000e+00 0.000000e+00 0.000000e+00 0.000000e+00 0.000000e+00 0.000000e+00 0.000000e+00 0.000000e+00 0.000000e+00 0.000000e+00 0.000000e+00 
     1.5                0.000000e+00 0.000000e+00 0.000000e+00 0.000000e+00 0.000000e+00 0.000000e+00 0.000000e+00 0.000000e+00 0.000000e+00 0.000000e+00 0.000000e+00 0.000000e+00 
     2.5                6.643417e-05 0.000000e+00 8.307824e-06 8.869447e-06 5.397734e-06 5.261326e-06 1.322875e-05 8.279789e-06 8.897529e-06 2.160001e-05 6.769066e-05 6.909137e-05 
     3.5                3.091100e-04 2.447115e-05 7.411619e-05 8.079723e-05 7.401987e-05 7.494719e-05 8.923901e-05 7.400249e-05 8.088817e-05 2.368769e-04 3.751597e-04 3.768572e-04 
     4.5                1.023741e-03 1.632344e-04 3.189306e-04 3.379809e-04 2.489235e-04 2.299207e-04 4.362679e-04 3.190430e-04 3.376754e-04 8.872334e-04 1.316338e-03 1.412621e-03 
     5.5                3.171584e-03 6.842229e-04 1.186813e-03 1.212875e-03 9.219672e-04 8.690513e-04 1.476582e-03 1.187114e-03 1.212598e-03 3.295497e-03 4.444049e-03 4.829855e-03 
     6.5                4.823404e-03 1.802255e-03 2.392121e-03 2.449827e-03 1.848682e-03 1.825418e-03 2.838426e-03 2.392399e-03 2.449523e-03 6.675364e-03 8.005038e-03 8.835567e-03 
     7.5                8.213337e-03 3.983413e-03 4.532570e-03 4.663727e-03 3.754113e-03 3.734670e-03 5.099210e-03 4.532440e-03 4.663923e-03 1.308935e-02 1.524946e-02 1.661009e-02 
     8.5                1.002714e-02 8.345582e-03 7.648859e-03 7.641595e-03 5.801946e-03 5.854178e-03 7.952860e-03 7.649208e-03 7.641552e-03 2.106364e-02 2.328319e-02 2.610378e-02 
     9.5                1.326653e-02 1.195113e-02 1.152743e-02 1.163313e-02 9.190655e-03 9.161527e-03 1.153391e-02 1.152701e-02 1.163410e-02 3.244444e-02 3.338845e-02 3.730506e-02 
    10.5                1.700380e-02 1.292791e-02 1.594306e-02 1.612898e-02 1.242749e-02 1.257773e-02 1.610269e-02 1.594267e-02 1.612924e-02 4.456161e-02 4.185087e-02 4.760809e-02 
    11.5                1.947021e-02 1.357342e-02 2.049852e-02 2.061345e-02 1.587871e-02 1.596163e-02 2.042236e-02 2.049947e-02 2.061380e-02 5.687177e-02 4.938198e-02 5.708800e-02 
    12.5                2.134117e-02 1.351966e-02 2.482732e-02 2.501463e-02 1.933552e-02 1.958816e-02 2.442060e-02 2.482724e-02 2.501480e-02 6.906670e-02 5.617963e-02 6.550643e-02 
    13.5                2.352927e-02 1.407534e-02 3.054634e-02 3.070884e-02 2.326395e-02 2.354133e-02 2.958930e-02 3.054604e-02 3.070935e-02 8.384700e-02 6.464996e-02 7.724052e-02 
    14.5                2.718605e-02 1.385399e-02 3.587752e-02 3.604944e-02 2.731437e-02 2.701137e-02 3.494608e-02 3.587839e-02 3.604855e-02 9.789902e-02 7.361607e-02 8.913278e-02 
    15.5                2.830217e-02 1.314312e-02 4.188573e-02 4.192488e-02 3.061696e-02 3.060146e-02 4.038477e-02 4.188625e-02 4.192441e-02 1.121781e-01 7.970536e-02 9.968792e-02 
    16.5                3.132821e-02 1.240825e-02 4.770612e-02 4.778569e-02 3.449877e-02 3.472790e-02 4.587854e-02 4.770520e-02 4.778689e-02 1.272023e-01 8.839158e-02 1.122457e-01 
    17.5                3.237601e-02 1.111694e-02 5.332328e-02 5.331636e-02 3.711770e-02 3.708908e-02 5.113742e-02 5.332257e-02 5.331692e-02 1.393222e-01 9.302292e-02 1.222843e-01 
    18.5                3.084573e-02 9.692373e-03 5.844613e-02 5.862919e-02 3.957750e-02 3.862505e-02 5.545016e-02 5.844767e-02 5.862749e-02 1.502410e-01 9.502444e-02 1.303271e-01 
    19.5                3.362449e-02 7.818409e-03 6.426619e-02 6.408486e-02 4.204359e-02 4.247447e-02 6.105463e-02 6.426438e-02 6.408627e-02 1.635777e-01 1.014739e-01 1.419218e-01 
    20.5                3.252914e-02 5.868742e-03 6.780908e-02 6.764901e-02 4.342813e-02 4.337854e-02 6.419658e-02 6.780892e-02 6.764874e-02 1.707993e-01 1.020951e-01 1.473990e-01 
    21.5                3.393806e-02 3.816887e-03 7.253272e-02 7.253684e-02 4.475351e-02 4.447715e-02 6.869969e-02 7.253259e-02 7.253652e-02 1.796997e-01 1.043917e-01 1.560031e-01 
    22.5                3.455610e-02 2.007343e-03 7.707606e-02 7.686770e-02 4.536770e-02 4.532267e-02 7.308776e-02 7.707589e-02 7.686756e-02 1.876049e-01 1.053796e-01 1.636972e-01 
    23.5                3.579202e-02 6.665043e-04 7.979939e-02 7.965470e-02 4.523732e-02 4.515815e-02 7.585227e-02 7.979945e-02 7.965424e-02 1.917213e-01 1.047685e-01 1.685174e-01 
    24.5                3.822783e-02 7.703265e-05 8.189717e-02 8.174155e-02 4.443366e-02 4.438378e-02 7.813839e-02 8.189764e-02 8.174107e-02 1.939179e-01 1.036056e-01 1.722156e-01 
    25.5                4.121867e-02 6.472166e-07 8.289163e-02 8.271059e-02 4.334480e-02 4.316528e-02 7.959158e-02 8.289128e-02 8.271030e-02 1.938638e-01 1.020239e-01 1.742288e-01 
    26.5                4.386433e-02 0.000000e+00 8.325486e-02 8.314743e-02 4.176117e-02 4.162055e-02 8.033003e-02 8.325503e-02 8.314708e-02 1.923531e-01 9.973002e-02 1.748326e-01 
    27.5                4.604624e-02 0.000000e+00 8.234802e-02 8.216821e-02 3.944027e-02 3.939961e-02 7.997303e-02 8.234824e-02 8.216805e-02 1.878164e-01 9.622810e-02 1.731041e-01 
    28.5                4.768206e-02 0.000000e+00 8.046267e-02 8.039978e-02 3.705117e-02 3.685658e-02 7.867952e-02 8.046267e-02 8.039947e-02 1.816669e-01 9.228883e-02 1.695303e-01 
    29.5                4.990955e-02 0.000000e+00 7.887097e-02 7.876615e-02 3.496450e-02 3.472355e-02 7.766993e-02 7.887154e-02 7.876580e-02 1.764631e-01 8.967233e-02 1.667572e-01 
    30.5                5.009027e-02 0.000000e+00 7.492712e-02 7.474081e-02 3.184711e-02 3.181081e-02 7.432526e-02 7.492761e-02 7.474087e-02 1.660451e-01 8.437018e-02 1.588862e-01 
    31.5                5.000561e-02 0.000000e+00 7.059904e-02 7.060887e-02 2.877432e-02 2.867802e-02 7.055750e-02 7.059952e-02 7.060885e-02 1.552811e-01 7.906914e-02 1.506031e-01 
    32.5                4.948390e-02 0.000000e+00 6.586173e-02 6.580268e-02 2.562572e-02 2.556404e-02 6.639927e-02 6.586244e-02 6.580278e-02 1.436152e-01 7.373137e-02 1.412878e-01 
    33.5                4.823399e-02 0.000000e+00 6.036695e-02 6.018586e-02 2.240284e-02 2.236853e-02 6.135318e-02 6.036742e-02 6.018600e-02 1.304995e-01 6.800804e-02 1.303648e-01 
    34.5                4.572492e-02 0.000000e+00 5.419092e-02 5.416038e-02 1.930758e-02 1.931618e-02 5.552264e-02 5.419171e-02 5.416079e-02 1.165913e-01 6.172862e-02 1.179848e-01 
    35.5                4.198342e-02 0.000000e+00 4.718580e-02 4.728904e-02 1.616100e-02 1.609545e-02 4.875422e-02 4.718678e-02 4.728934e-02 1.010665e-01 5.447631e-02 1.036618e-01 
    36.5                3.838459e-02 0.000000e+00 4.086047e-02 4.093192e-02 1.333723e-02 1.331554e-02 4.259561e-02 4.086135e-02 4.093240e-02 8.699215e-02 4.797681e-02 9.055286e-02 
    37.5                3.423284e-02 0.000000e+00 3.469997e-02 3.470753e-02 1.074289e-02 1.074069e-02 3.647446e-02 3.470084e-02 3.470787e-02 7.343452e-02 4.143805e-02 7.753302e-02 
    38.5                2.971282e-02 0.000000e+00 2.862532e-02 2.865397e-02 8.454236e-03 8.482926e-03 3.036347e-02 2.862620e-02 2.865447e-02 6.035510e-02 3.502347e-02 6.462581e-02 
    39.5                2.483230e-02 0.000000e+00 2.272908e-02 2.279350e-02 6.392329e-03 6.429164e-03 2.432317e-02 2.273006e-02 2.279398e-02 4.779460e-02 2.859913e-02 5.192377e-02 
    40.5                1.986872e-02 0.000000e+00 1.735081e-02 1.733790e-02 4.623119e-03 4.633020e-03 1.872729e-02 1.735167e-02 1.733838e-02 3.628052e-02 2.241376e-02 4.001977e-02 
    41.5                1.490128e-02 0.000000e+00 1.237084e-02 1.248168e-02 3.132054e-03 3.165460e-03 1.346520e-02 1.237169e-02 1.248213e-02 2.592317e-02 1.654435e-02 2.900310e-02 
    42.5                1.056971e-02 0.000000e+00 8.437381e-03 8.417561e-03 2.021988e-03 2.053216e-03 9.266665e-03 8.437969e-03 8.417867e-03 1.754294e-02 1.158385e-02 1.990915e-02 
    43.5                7.041626e-03 0.000000e+00 5.342665e-03 5.406289e-03 1.211528e-03 1.234068e-03 5.911850e-03 5.343200e-03 5.406625e-03 1.116407e-02 7.627746e-03 1.285759e-02 
    44.5                4.106490e-03 0.000000e+00 2.985930e-03 3.016894e-03 6.360675e-04 6.605988e-04 3.332534e-03 2.986358e-03 3.017073e-03 6.228288e-03 4.409750e-03 7.277053e-03 
    45.5                2.035185e-03 0.000000e+00 1.429147e-03 1.431893e-03 2.863266e-04 3.062969e-04 1.603142e-03 1.429376e-03 1.432058e-03 2.965841e-03 2.172352e-03 3.512358e-03 
    46.5                6.835600e-04 0.000000e+00 4.551388e-04 4.709871e-04 8.747633e-05 9.479870e-05 5.137570e-04 4.552664e-04 4.710448e-04 9.603792e-04 7.260185e-04 1.151626e-03 
    47.5                1.537412e-04 0.000000e+00 1.017450e-04 1.001162e-04 1.801359e-05 2.172230e-05 1.149448e-04 1.017739e-04 1.001402e-04 2.094134e-04 1.630263e-04 2.538011e-04 
    48.5                1.938120e-05 0.000000e+00 1.176687e-05 1.313380e-05 1.888594e-06 2.615578e-06 1.305826e-05 1.177360e-05 1.313928e-05 2.578324e-05 2.044137e-05 3.156118e-05 
    49.5                0.000000e+00 0.000000e+00 0.000000e+00 0.000000e+00 0.000000e+00 0.000000e+00 0.000000e+00 0.000000e+00 0.000000e+00 0.000000e+00 0.000000e+00 0.000000e+00 
    50.5                0.000000e+00 0.000000e+00 0.000000e+00 0.000000e+00 0.000000e+00 0.000000e+00 0.000000e+00 0.000000e+00 0.000000e+00 0.000000e+00 0.000000e+00 0.000000e+00 
    51.5                0.000000e+00 0.000000e+00 0.000000e+00 0.000000e+00 0.000000e+00 0.000000e+00 0.000000e+00 0.000000e+00 0.000000e+00 0.000000e+00 0.000000e+00 0.000000e+00 
    52.5                0.000000e+00 0.000000e+00 0.000000e+00 0.000000e+00 0.000000e+00 0.000000e+00 0.000000e+00 0.000000e+00 0.000000e+00 0.000000e+00 0.000000e+00 0.000000e+00 
    53.5                0.000000e+00 0.000000e+00 0.000000e+00 0.000000e+00 0.000000e+00 0.000000e+00 0.000000e+00 0.000000e+00 0.000000e+00 0.000000e+00 0.000000e+00 0.000000e+00 
    54.5                0.000000e+00 0.000000e+00 0.000000e+00 0.000000e+00 0.000000e+00 0.000000e+00 0.000000e+00 0.000000e+00 0.000000e+00 0.000000e+00 0.000000e+00 0.000000e+00 
    55.5                0.000000e+00 0.000000e+00 0.000000e+00 0.000000e+00 0.000000e+00 0.000000e+00 0.000000e+00 0.000000e+00 0.000000e+00 0.000000e+00 0.000000e+00 0.000000e+00 
    56.5                0.000000e+00 0.000000e+00 0.000000e+00 0.000000e+00 0.000000e+00 0.000000e+00 0.000000e+00 0.000000e+00 0.000000e+00 0.000000e+00 0.000000e+00 0.000000e+00 
    57.5                0.000000e+00 0.000000e+00 0.000000e+00 0.000000e+00 0.000000e+00 0.000000e+00 0.000000e+00 0.000000e+00 0.000000e+00 0.000000e+00 0.000000e+00 0.000000e+00 
    58.5                0.000000e+00 0.000000e+00 0.000000e+00 0.000000e+00 0.000000e+00 0.000000e+00 0.000000e+00 0.000000e+00 0.000000e+00 0.000000e+00 0.000000e+00 0.000000e+00 
    59.5                0.000000e+00 0.000000e+00 0.000000e+00 0.000000e+00 0.000000e+00 0.000000e+00 0.000000e+00 0.000000e+00 0.000000e+00 0.000000e+00 0.000000e+00 0.000000e+00 
    60.5                0.000000e+00 0.000000e+00 0.000000e+00 0.000000e+00 0.000000e+00 0.000000e+00 0.000000e+00 0.000000e+00 0.000000e+00 0.000000e+00 0.000000e+00 0.000000e+00 
    61.5                0.000000e+00 0.000000e+00 0.000000e+00 0.000000e+00 0.000000e+00 0.000000e+00 0.000000e+00 0.000000e+00 0.000000e+00 0.000000e+00 0.000000e+00 0.000000e+00 
    62.5                0.000000e+00 0.000000e+00 0.000000e+00 0.000000e+00 0.000000e+00 0.000000e+00 0.000000e+00 0.000000e+00 0.000000e+00 0.000000e+00 0.000000e+00 0.000000e+00 
    63.5                0.000000e+00 0.000000e+00 0.000000e+00 0.000000e+00 0.000000e+00 0.000000e+00 0.000000e+00 0.000000e+00 0.000000e+00 0.000000e+00 0.000000e+00 0.000000e+00 
    64.5                0.000000e+00 0.000000e+00 0.000000e+00 0.000000e+00 0.000000e+00 0.000000e+00 0.000000e+00 0.000000e+00 0.000000e+00 0.000000e+00 0.000000e+00 0.000000e+00 
    65.5                0.000000e+00 0.000000e+00 0.000000e+00 0.000000e+00 0.000000e+00 0.000000e+00 0.000000e+00 0.000000e+00 0.000000e+00 0.000000e+00 0.000000e+00 0.000000e+00 
    66.5                0.000000e+00 0.000000e+00 0.000000e+00 0.000000e+00 0.000000e+00 0.000000e+00 0.000000e+00 0.000000e+00 0.000000e+00 0.000000e+00 0.000000e+00 0.000000e+00 
    67.5                0.000000e+00 0.000000e+00 0.000000e+00 0.000000e+00 0.000000e+00 0.000000e+00 0.000000e+00 0.000000e+00 0.000000e+00 0.000000e+00 0.000000e+00 0.000000e+00 
    68.5                0.000000e+00 0.000000e+00 0.000000e+00 0.000000e+00 0.000000e+00 0.000000e+00 0.000000e+00 0.000000e+00 0.000000e+00 0.000000e+00 0.000000e+00 0.000000e+00 
    69.5                0.000000e+00 0.000000e+00 0.000000e+00 0.000000e+00 0.000000e+00 0.000000e+00 0.000000e+00 0.000000e+00 0.000000e+00 0.000000e+00 0.000000e+00 0.000000e+00 
    70.5                0.000000e+00 0.000000e+00 0.000000e+00 0.000000e+00 0.000000e+00 0.000000e+00 0.000000e+00 0.000000e+00 0.000000e+00 0.000000e+00 0.000000e+00 0.000000e+00 
    71.5                0.000000e+00 0.000000e+00 0.000000e+00 0.000000e+00 0.000000e+00 0.000000e+00 0.000000e+00 0.000000e+00 0.000000e+00 0.000000e+00 0.000000e+00 0.000000e+00 
    72.5                0.000000e+00 0.000000e+00 0.000000e+00 0.000000e+00 0.000000e+00 0.000000e+00 0.000000e+00 0.000000e+00 0.000000e+00 0.000000e+00 0.000000e+00 0.000000e+00 
    73.5                0.000000e+00 0.000000e+00 0.000000e+00 0.000000e+00 0.000000e+00 0.000000e+00 0.000000e+00 0.000000e+00 0.000000e+00 0.000000e+00 0.000000e+00 0.000000e+00 
    74.5                0.000000e+00 0.000000e+00 0.000000e+00 0.000000e+00 0.000000e+00 0.000000e+00 0.000000e+00 0.000000e+00 0.000000e+00 0.000000e+00 0.000000e+00 0.000000e+00 
    75.5                0.000000e+00 0.000000e+00 0.000000e+00 0.000000e+00 0.000000e+00 0.000000e+00 0.000000e+00 0.000000e+00 0.000000e+00 0.000000e+00 0.000000e+00 0.000000e+00 
    76.5                0.000000e+00 0.000000e+00 0.000000e+00 0.000000e+00 0.000000e+00 0.000000e+00 0.000000e+00 0.000000e+00 0.000000e+00 0.000000e+00 0.000000e+00 0.000000e+00 
    77.5                0.000000e+00 0.000000e+00 0.000000e+00 0.000000e+00 0.000000e+00 0.000000e+00 0.000000e+00 0.000000e+00 0.000000e+00 0.000000e+00 0.000000e+00 0.000000e+00 
    78.5                0.000000e+00 0.000000e+00 0.000000e+00 0.000000e+00 0.000000e+00 0.000000e+00 0.000000e+00 0.000000e+00 0.000000e+00 0.000000e+00 0.000000e+00 0.000000e+00 
    79.5                0.000000e+00 0.000000e+00 0.000000e+00 0.000000e+00 0.000000e+00 0.000000e+00 0.000000e+00 0.000000e+00 0.000000e+00 0.000000e+00 0.000000e+00 0.000000e+00 


