# 80 rows of flux data
# 12 columns of flux data
# 
# total cross-sectional flux  4.208016e+00 /m^2/yr
#
#                             +x ram      -x wake      +y port -y starboard    +z zenith     -z nadir        Earth          Sun     anti-Sun      rot (x)      rot (y)      rot (z) 
# average speed (km/s)         25.68        13.44        24.60        24.61        23.53        23.63        24.53        24.60        24.62        24.21        23.31        24.19 
# total flux (#/m2/yr)  1.034447e+00 2.141690e-01 1.693751e+00 1.706556e+00 8.153665e-01 7.965930e-01 1.756308e+00 1.692764e+00 1.707541e+00 3.895329e+00 2.203983e+00 3.767100e+00 
# velocity (km/s)
     0.5                0.000000e+00 0.000000e+00 0.000000e+00 0.000000e+00 0.000000e+00 0.000000e+00 0.000000e+00 0.000000e+00 0.000000e+00 0.000000e+00 0.000000e+00 0.000000e+00 
     1.5                0.000000e+00 0.000000e+00 0.000000e+00 0.000000e+00 0.000000e+00 0.000000e+00 0.000000e+00 0.000000e+00 0.000000e+00 0.000000e+00 0.000000e+00 0.000000e+00 
     2.5                1.793666e-04 0.000000e+00 2.074030e-05 2.507029e-05 1.365806e-05 7.309905e-06 1.456876e-05 2.052470e-05 2.528585e-05 5.186949e-05 1.810438e-04 1.865469e-04 
     3.5                7.211696e-04 5.558846e-05 1.446496e-04 1.615318e-04 1.951911e-04 1.704404e-04 1.009999e-04 1.438509e-04 1.623329e-04 5.232707e-04 8.833863e-04 8.515586e-04 
     4.5                1.459143e-03 3.085139e-04 5.109405e-04 4.848097e-04 3.526207e-04 3.428205e-04 4.810526e-04 5.095179e-04 4.861531e-04 1.331359e-03 1.954006e-03 2.122937e-03 
     5.5                5.401087e-03 1.179040e-03 2.158485e-03 2.091118e-03 1.610681e-03 1.631910e-03 2.054619e-03 2.153434e-03 2.096216e-03 5.902103e-03 7.692455e-03 8.313171e-03 
     6.5                7.518674e-03 3.229920e-03 4.053277e-03 4.140711e-03 3.158543e-03 2.948416e-03 4.034665e-03 4.048066e-03 4.145810e-03 1.121147e-02 1.299936e-02 1.451473e-02 
     7.5                1.282027e-02 6.932740e-03 7.605122e-03 7.619881e-03 5.981419e-03 5.795787e-03 7.640936e-03 7.598075e-03 7.626987e-03 2.124178e-02 2.449191e-02 2.713702e-02 
     8.5                1.518625e-02 1.465146e-02 1.219321e-02 1.222546e-02 8.666081e-03 8.560084e-03 1.277470e-02 1.219300e-02 1.222654e-02 3.270129e-02 3.688488e-02 4.227167e-02 
     9.5                1.942368e-02 1.896808e-02 1.785245e-02 1.788389e-02 1.307174e-02 1.256784e-02 1.866423e-02 1.785274e-02 1.788528e-02 4.819333e-02 4.967024e-02 5.725864e-02 
    10.5                2.256038e-02 2.014744e-02 2.407365e-02 2.413092e-02 1.678032e-02 1.630322e-02 2.501128e-02 2.407016e-02 2.413323e-02 6.382969e-02 5.819680e-02 6.971346e-02 
    11.5                2.481376e-02 2.030341e-02 3.016280e-02 3.035096e-02 2.003791e-02 1.951965e-02 3.144126e-02 3.015758e-02 3.035659e-02 7.855922e-02 6.506090e-02 8.125000e-02 
    12.5                2.364047e-02 1.913163e-02 3.392907e-02 3.424188e-02 2.201988e-02 2.112199e-02 3.543890e-02 3.392312e-02 3.424676e-02 8.737550e-02 6.615842e-02 8.601967e-02 
    13.5                2.622306e-02 1.880466e-02 4.057427e-02 4.092183e-02 2.512836e-02 2.425898e-02 4.233306e-02 4.056570e-02 4.093109e-02 1.026985e-01 7.302447e-02 9.929138e-02 
    14.5                2.653034e-02 1.758146e-02 4.521546e-02 4.553285e-02 2.670856e-02 2.534878e-02 4.737614e-02 4.520440e-02 4.554329e-02 1.120557e-01 7.500569e-02 1.070174e-01 
    15.5                2.570258e-02 1.580676e-02 5.091359e-02 5.119818e-02 2.801979e-02 2.712850e-02 5.341577e-02 5.090172e-02 5.121009e-02 1.233441e-01 7.558881e-02 1.153343e-01 
    16.5                2.692435e-02 1.441799e-02 5.507450e-02 5.560477e-02 2.937461e-02 2.837261e-02 5.782912e-02 5.505951e-02 5.561984e-02 1.320122e-01 7.857322e-02 1.244342e-01 
    17.5                2.710859e-02 1.223905e-02 5.979823e-02 6.029044e-02 3.071732e-02 2.964740e-02 6.269094e-02 5.978020e-02 6.030815e-02 1.413534e-01 7.947916e-02 1.317815e-01 
    18.5                2.454386e-02 1.039977e-02 6.404508e-02 6.450368e-02 3.169516e-02 3.043559e-02 6.730181e-02 6.402792e-02 6.452052e-02 1.492448e-01 7.803746e-02 1.374529e-01 
    19.5                2.634693e-02 8.045467e-03 6.709950e-02 6.736126e-02 3.275566e-02 3.197622e-02 7.017649e-02 6.707737e-02 6.738312e-02 1.557665e-01 8.026228e-02 1.436159e-01 
    20.5                2.364195e-02 5.823607e-03 6.872943e-02 6.917476e-02 3.265323e-02 3.145190e-02 7.207553e-02 6.870784e-02 6.919600e-02 1.578570e-01 7.674025e-02 1.445106e-01 
    21.5                2.514726e-02 3.631565e-03 7.114724e-02 7.157626e-02 3.302868e-02 3.214864e-02 7.449275e-02 7.112128e-02 7.160201e-02 1.622268e-01 7.761449e-02 1.492750e-01 
    22.5                2.688253e-02 1.859852e-03 7.447755e-02 7.502745e-02 3.411012e-02 3.317569e-02 7.786840e-02 7.444730e-02 7.505734e-02 1.690305e-01 7.962523e-02 1.559080e-01 
    23.5                2.719251e-02 5.866165e-04 7.527589e-02 7.559898e-02 3.390652e-02 3.296729e-02 7.864528e-02 7.524380e-02 7.563086e-02 1.696574e-01 7.816184e-02 1.563746e-01 
    24.5                3.054468e-02 6.379341e-05 7.575659e-02 7.618382e-02 3.376926e-02 3.302713e-02 7.895672e-02 7.571975e-02 7.622024e-02 1.702029e-01 7.903943e-02 1.579229e-01 
    25.5                3.375934e-02 5.835187e-07 7.574517e-02 7.633025e-02 3.352334e-02 3.274775e-02 7.882570e-02 7.570450e-02 7.637072e-02 1.696809e-01 7.933000e-02 1.583056e-01 
    26.5                3.605614e-02 0.000000e+00 7.430922e-02 7.506963e-02 3.255402e-02 3.202292e-02 7.717604e-02 7.426584e-02 7.511291e-02 1.660107e-01 7.811641e-02 1.556600e-01 
    27.5                3.774542e-02 0.000000e+00 7.232877e-02 7.263135e-02 3.159355e-02 3.091863e-02 7.499916e-02 7.228324e-02 7.267655e-02 1.607616e-01 7.657210e-02 1.514210e-01 
    28.5                3.976174e-02 0.000000e+00 7.005229e-02 7.073065e-02 3.040018e-02 3.000678e-02 7.248156e-02 7.000452e-02 7.077847e-02 1.556863e-01 7.535847e-02 1.476354e-01 
    29.5                4.106428e-02 0.000000e+00 6.729807e-02 6.757697e-02 2.913290e-02 2.860616e-02 6.949519e-02 6.724848e-02 6.762609e-02 1.489024e-01 7.342188e-02 1.420161e-01 
    30.5                4.170247e-02 0.000000e+00 6.359537e-02 6.410408e-02 2.743520e-02 2.708809e-02 6.554382e-02 6.354525e-02 6.415421e-02 1.406592e-01 7.072542e-02 1.351134e-01 
    31.5                4.165010e-02 0.000000e+00 5.927840e-02 5.991192e-02 2.552052e-02 2.526442e-02 6.096638e-02 5.922837e-02 5.996202e-02 1.310146e-01 6.735394e-02 1.268590e-01 
    32.5                4.121776e-02 0.000000e+00 5.481800e-02 5.529754e-02 2.354461e-02 2.332199e-02 5.624853e-02 5.476846e-02 5.534708e-02 1.208455e-01 6.377960e-02 1.180693e-01 
    33.5                3.989646e-02 0.000000e+00 4.950573e-02 4.975907e-02 2.123230e-02 2.101293e-02 5.066718e-02 4.945769e-02 4.980693e-02 1.088075e-01 5.920121e-02 1.073941e-01 
    34.5                3.801404e-02 0.000000e+00 4.433632e-02 4.475280e-02 1.900521e-02 1.889243e-02 4.527605e-02 4.429069e-02 4.479855e-02 9.754981e-02 5.453520e-02 9.717430e-02 
    35.5                3.469929e-02 0.000000e+00 3.830400e-02 3.880086e-02 1.641932e-02 1.637472e-02 3.903405e-02 3.826240e-02 3.884268e-02 8.433420e-02 4.836066e-02 8.477026e-02 
    36.5                3.235665e-02 0.000000e+00 3.351392e-02 3.386439e-02 1.434011e-02 1.429928e-02 3.405681e-02 3.347511e-02 3.390336e-02 7.359925e-02 4.366209e-02 7.491555e-02 
    37.5                2.845656e-02 0.000000e+00 2.799909e-02 2.816801e-02 1.196872e-02 1.190798e-02 2.838129e-02 2.796486e-02 2.820219e-02 6.130094e-02 3.745669e-02 6.308213e-02 
    38.5                2.511156e-02 0.000000e+00 2.329845e-02 2.369385e-02 9.959661e-03 1.001200e-02 2.355927e-02 2.326845e-02 2.372422e-02 5.124243e-02 3.229841e-02 5.336657e-02 
    39.5                2.100843e-02 0.000000e+00 1.854615e-02 1.878095e-02 7.917007e-03 7.947145e-03 1.870303e-02 1.852099e-02 1.880629e-02 4.067335e-02 2.645808e-02 4.288665e-02 
    40.5                1.682974e-02 0.000000e+00 1.406162e-02 1.422000e-02 6.001878e-03 6.019368e-03 1.413902e-02 1.404146e-02 1.424030e-02 3.079803e-02 2.076263e-02 3.294723e-02 
    41.5                1.268502e-02 0.000000e+00 1.007231e-02 1.030165e-02 4.297975e-03 4.362411e-03 1.010207e-02 1.005720e-02 1.031703e-02 2.217480e-02 1.540227e-02 2.401998e-02 
    42.5                9.186057e-03 0.000000e+00 6.990866e-03 7.088860e-03 2.980593e-03 3.003330e-03 6.991936e-03 6.979878e-03 7.099953e-03 1.531664e-02 1.098459e-02 1.682219e-02 
    43.5                6.272584e-03 0.000000e+00 4.538989e-03 4.636317e-03 1.934158e-03 1.964674e-03 4.526483e-03 4.531513e-03 4.643920e-03 9.977851e-03 7.395519e-03 1.111969e-02 
    44.5                3.641097e-03 0.000000e+00 2.513837e-03 2.591018e-03 1.070123e-03 1.099107e-03 2.499935e-03 2.509519e-03 2.595453e-03 5.549586e-03 4.241866e-03 6.272457e-03 
    45.5                1.968276e-03 0.000000e+00 1.298204e-03 1.351984e-03 5.525355e-04 5.734928e-04 1.287523e-03 1.295883e-03 1.354394e-03 2.880447e-03 2.268796e-03 3.301933e-03 
    46.5                6.522518e-04 0.000000e+00 4.109924e-04 4.364914e-04 1.749082e-04 1.853327e-04 4.066049e-04 4.102313e-04 4.372981e-04 9.210190e-04 7.453213e-04 1.069576e-03 
    47.5                1.730651e-04 0.000000e+00 1.080924e-04 1.098118e-04 4.598578e-05 4.664209e-05 1.066950e-04 1.078859e-04 1.100213e-04 2.367949e-04 1.963190e-04 2.782867e-04 
    48.5                2.612934e-05 0.000000e+00 1.509256e-05 1.691263e-05 6.416117e-06 7.185836e-06 1.486477e-05 1.506289e-05 1.694577e-05 3.477610e-05 2.945844e-05 4.131756e-05 
    49.5                0.000000e+00 0.000000e+00 0.000000e+00 0.000000e+00 0.000000e+00 0.000000e+00 0.000000e+00 0.000000e+00 0.000000e+00 0.000000e+00 0.000000e+00 0.000000e+00 
    50.5                0.000000e+00 0.000000e+00 0.000000e+00 0.000000e+00 0.000000e+00 0.000000e+00 0.000000e+00 0.000000e+00 0.000000e+00 0.000000e+00 0.000000e+00 0.000000e+00 
    51.5                0.000000e+00 0.000000e+00 0.000000e+00 0.000000e+00 0.000000e+00 0.000000e+00 0.000000e+00 0.000000e+00 0.000000e+00 0.000000e+00 0.000000e+00 0.000000e+00 
    52.5                0.000000e+00 0.000000e+00 0.000000e+00 0.000000e+00 0.000000e+00 0.000000e+00 0.000000e+00 0.000000e+00 0.000000e+00 0.000000e+00 0.000000e+00 0.000000e+00 
    53.5                0.000000e+00 0.000000e+00 0.000000e+00 0.000000e+00 0.000000e+00 0.000000e+00 0.000000e+00 0.000000e+00 0.000000e+00 0.000000e+00 0.000000e+00 0.000000e+00 
    54.5                0.000000e+00 0.000000e+00 0.000000e+00 0.000000e+00 0.000000e+00 0.000000e+00 0.000000e+00 0.000000e+00 0.000000e+00 0.000000e+00 0.000000e+00 0.000000e+00 
    55.5                0.000000e+00 0.000000e+00 0.000000e+00 0.000000e+00 0.000000e+00 0.000000e+00 0.000000e+00 0.000000e+00 0.000000e+00 0.000000e+00 0.000000e+00 0.000000e+00 
    56.5                0.000000e+00 0.000000e+00 0.000000e+00 0.000000e+00 0.000000e+00 0.000000e+00 0.000000e+00 0.000000e+00 0.000000e+00 0.000000e+00 0.000000e+00 0.000000e+00 
    57.5                0.000000e+00 0.000000e+00 0.000000e+00 0.000000e+00 0.000000e+00 0.000000e+00 0.000000e+00 0.000000e+00 0.000000e+00 0.000000e+00 0.000000e+00 0.000000e+00 
    58.5                0.000000e+00 0.000000e+00 0.000000e+00 0.000000e+00 0.000000e+00 0.000000e+00 0.000000e+00 0.000000e+00 0.000000e+00 0.000000e+00 0.000000e+00 0.000000e+00 
    59.5                0.000000e+00 0.000000e+00 0.000000e+00 0.000000e+00 0.000000e+00 0.000000e+00 0.000000e+00 0.000000e+00 0.000000e+00 0.000000e+00 0.000000e+00 0.000000e+00 
    60.5                0.000000e+00 0.000000e+00 0.000000e+00 0.000000e+00 0.000000e+00 0.000000e+00 0.000000e+00 0.000000e+00 0.000000e+00 0.000000e+00 0.000000e+00 0.000000e+00 
    61.5                0.000000e+00 0.000000e+00 0.000000e+00 0.000000e+00 0.000000e+00 0.000000e+00 0.000000e+00 0.000000e+00 0.000000e+00 0.000000e+00 0.000000e+00 0.000000e+00 
    62.5                0.000000e+00 0.000000e+00 0.000000e+00 0.000000e+00 0.000000e+00 0.000000e+00 0.000000e+00 0.000000e+00 0.000000e+00 0.000000e+00 0.000000e+00 0.000000e+00 
    63.5                0.000000e+00 0.000000e+00 0.000000e+00 0.000000e+00 0.000000e+00 0.000000e+00 0.000000e+00 0.000000e+00 0.000000e+00 0.000000e+00 0.000000e+00 0.000000e+00 
    64.5                0.000000e+00 0.000000e+00 0.000000e+00 0.000000e+00 0.000000e+00 0.000000e+00 0.000000e+00 0.000000e+00 0.000000e+00 0.000000e+00 0.000000e+00 0.000000e+00 
    65.5                0.000000e+00 0.000000e+00 0.000000e+00 0.000000e+00 0.000000e+00 0.000000e+00 0.000000e+00 0.000000e+00 0.000000e+00 0.000000e+00 0.000000e+00 0.000000e+00 
    66.5                0.000000e+00 0.000000e+00 0.000000e+00 0.000000e+00 0.000000e+00 0.000000e+00 0.000000e+00 0.000000e+00 0.000000e+00 0.000000e+00 0.000000e+00 0.000000e+00 
    67.5                0.000000e+00 0.000000e+00 0.000000e+00 0.000000e+00 0.000000e+00 0.000000e+00 0.000000e+00 0.000000e+00 0.000000e+00 0.000000e+00 0.000000e+00 0.000000e+00 
    68.5                0.000000e+00 0.000000e+00 0.000000e+00 0.000000e+00 0.000000e+00 0.000000e+00 0.000000e+00 0.000000e+00 0.000000e+00 0.000000e+00 0.000000e+00 0.000000e+00 
    69.5                0.000000e+00 0.000000e+00 0.000000e+00 0.000000e+00 0.000000e+00 0.000000e+00 0.000000e+00 0.000000e+00 0.000000e+00 0.000000e+00 0.000000e+00 0.000000e+00 
    70.5                0.000000e+00 0.000000e+00 0.000000e+00 0.000000e+00 0.000000e+00 0.000000e+00 0.000000e+00 0.000000e+00 0.000000e+00 0.000000e+00 0.000000e+00 0.000000e+00 
    71.5                0.000000e+00 0.000000e+00 0.000000e+00 0.000000e+00 0.000000e+00 0.000000e+00 0.000000e+00 0.000000e+00 0.000000e+00 0.000000e+00 0.000000e+00 0.000000e+00 
    72.5                0.000000e+00 0.000000e+00 0.000000e+00 0.000000e+00 0.000000e+00 0.000000e+00 0.000000e+00 0.000000e+00 0.000000e+00 0.000000e+00 0.000000e+00 0.000000e+00 
    73.5                0.000000e+00 0.000000e+00 0.000000e+00 0.000000e+00 0.000000e+00 0.000000e+00 0.000000e+00 0.000000e+00 0.000000e+00 0.000000e+00 0.000000e+00 0.000000e+00 
    74.5                0.000000e+00 0.000000e+00 0.000000e+00 0.000000e+00 0.000000e+00 0.000000e+00 0.000000e+00 0.000000e+00 0.000000e+00 0.000000e+00 0.000000e+00 0.000000e+00 
    75.5                0.000000e+00 0.000000e+00 0.000000e+00 0.000000e+00 0.000000e+00 0.000000e+00 0.000000e+00 0.000000e+00 0.000000e+00 0.000000e+00 0.000000e+00 0.000000e+00 
    76.5                0.000000e+00 0.000000e+00 0.000000e+00 0.000000e+00 0.000000e+00 0.000000e+00 0.000000e+00 0.000000e+00 0.000000e+00 0.000000e+00 0.000000e+00 0.000000e+00 
    77.5                0.000000e+00 0.000000e+00 0.000000e+00 0.000000e+00 0.000000e+00 0.000000e+00 0.000000e+00 0.000000e+00 0.000000e+00 0.000000e+00 0.000000e+00 0.000000e+00 
    78.5                0.000000e+00 0.000000e+00 0.000000e+00 0.000000e+00 0.000000e+00 0.000000e+00 0.000000e+00 0.000000e+00 0.000000e+00 0.000000e+00 0.000000e+00 0.000000e+00 
    79.5                0.000000e+00 0.000000e+00 0.000000e+00 0.000000e+00 0.000000e+00 0.000000e+00 0.000000e+00 0.000000e+00 0.000000e+00 0.000000e+00 0.000000e+00 0.000000e+00 


