# 80 rows of flux data
# 12 columns of flux data
# 
# total cross-sectional flux  4.141424e+00 /m^2/yr
#
#                             +x ram      -x wake      +y port -y starboard    +z zenith     -z nadir        Earth          Sun     anti-Sun      rot (x)      rot (y)      rot (z) 
# average speed (km/s)         25.48        13.47        24.61        24.41        23.44        23.54        24.94        24.62        24.40        24.12        23.19        24.07 
# total flux (#/m2/yr)  1.017350e+00 2.126001e-01 1.678435e+00 1.665946e+00 7.750154e-01 8.097992e-01 1.792148e+00 1.679416e+00 1.665000e+00 3.830492e+00 2.169043e+00 3.709451e+00 
# velocity (km/s)
     0.5                0.000000e+00 0.000000e+00 0.000000e+00 0.000000e+00 0.000000e+00 0.000000e+00 0.000000e+00 0.000000e+00 0.000000e+00 0.000000e+00 0.000000e+00 0.000000e+00 
     1.5                0.000000e+00 0.000000e+00 0.000000e+00 0.000000e+00 0.000000e+00 0.000000e+00 0.000000e+00 0.000000e+00 0.000000e+00 0.000000e+00 0.000000e+00 0.000000e+00 
     2.5                8.637009e-05 0.000000e+00 1.249100e-05 1.040750e-05 7.932880e-06 1.373540e-05 3.834625e-05 1.259445e-05 1.030427e-05 3.453055e-05 8.971887e-05 8.981856e-05 
     3.5                4.214408e-04 2.051660e-05 1.178273e-04 1.321521e-04 8.825333e-05 1.020308e-04 2.059930e-04 1.182817e-04 1.316470e-04 3.477201e-04 4.942722e-04 5.227388e-04 
     4.5                2.179126e-03 2.867842e-04 5.878655e-04 7.086129e-04 5.161998e-04 4.714768e-04 1.015925e-03 5.898772e-04 7.060957e-04 1.781574e-03 2.734826e-03 2.894768e-03 
     5.5                5.772191e-03 1.299101e-03 2.076044e-03 2.229026e-03 1.507733e-03 1.528494e-03 3.223543e-03 2.081511e-03 2.223789e-03 5.763086e-03 8.024554e-03 8.807603e-03 
     6.5                8.406335e-03 3.039636e-03 3.942822e-03 4.183573e-03 3.022406e-03 3.100698e-03 5.407358e-03 3.949182e-03 4.177089e-03 1.122214e-02 1.376813e-02 1.518948e-02 
     7.5                1.247979e-02 6.635621e-03 7.161215e-03 7.738585e-03 5.623166e-03 5.571200e-03 8.785177e-03 7.168156e-03 7.731539e-03 2.047826e-02 2.365235e-02 2.636034e-02 
     8.5                1.461102e-02 1.360844e-02 1.203651e-02 1.210523e-02 8.665578e-03 8.673699e-03 1.273165e-02 1.203780e-02 1.210413e-02 3.257503e-02 3.544301e-02 4.057192e-02 
     9.5                1.775957e-02 1.992805e-02 1.736159e-02 1.801497e-02 1.240192e-02 1.306868e-02 1.717887e-02 1.735904e-02 1.801760e-02 4.778354e-02 4.875766e-02 5.626151e-02 
    10.5                2.406116e-02 1.999168e-02 2.331297e-02 2.427211e-02 1.631946e-02 1.661371e-02 2.431968e-02 2.331884e-02 2.426824e-02 6.320610e-02 5.928323e-02 7.056766e-02 
    11.5                2.519780e-02 2.019801e-02 2.947180e-02 3.001302e-02 1.947657e-02 2.005349e-02 3.023283e-02 2.947891e-02 3.000815e-02 7.778816e-02 6.518297e-02 8.095931e-02 
    12.5                2.539891e-02 1.891850e-02 3.389907e-02 3.457368e-02 2.158976e-02 2.240481e-02 3.434849e-02 3.390681e-02 3.456592e-02 8.823291e-02 6.774066e-02 8.734217e-02 
    13.5                2.415565e-02 1.833415e-02 3.900024e-02 4.014024e-02 2.325460e-02 2.394430e-02 3.919715e-02 3.900777e-02 4.013383e-02 9.912036e-02 6.932282e-02 9.547135e-02 
    14.5                2.802825e-02 1.732898e-02 4.444887e-02 4.562446e-02 2.519069e-02 2.640255e-02 4.567818e-02 4.446179e-02 4.561177e-02 1.111807e-01 7.557785e-02 1.076074e-01 
    15.5                2.715203e-02 1.582015e-02 5.036193e-02 5.109280e-02 2.697985e-02 2.798469e-02 5.122460e-02 5.037594e-02 5.107969e-02 1.226419e-01 7.679660e-02 1.160979e-01 
    16.5                2.612495e-02 1.444443e-02 5.445078e-02 5.515430e-02 2.802422e-02 2.939860e-02 5.524023e-02 5.446491e-02 5.514047e-02 1.309191e-01 7.738041e-02 1.227776e-01 
    17.5                2.688735e-02 1.227306e-02 5.933744e-02 5.978984e-02 2.899264e-02 3.044380e-02 6.061337e-02 5.935552e-02 5.977294e-02 1.398304e-01 7.873387e-02 1.310449e-01 
    18.5                2.471255e-02 1.040743e-02 6.311537e-02 6.434426e-02 3.026209e-02 3.120280e-02 6.385657e-02 6.313228e-02 6.432694e-02 1.478880e-01 7.761754e-02 1.367397e-01 
    19.5                2.463661e-02 8.033601e-03 6.633487e-02 6.657359e-02 3.090689e-02 3.213558e-02 6.744292e-02 6.635531e-02 6.655430e-02 1.532182e-01 7.766042e-02 1.410598e-01 
    20.5                2.299099e-02 5.843639e-03 6.797571e-02 6.849184e-02 3.088557e-02 3.224844e-02 6.899757e-02 6.799638e-02 6.847148e-02 1.559436e-01 7.539364e-02 1.428399e-01 
    21.5                2.525336e-02 3.666044e-03 7.085803e-02 7.160760e-02 3.194512e-02 3.291301e-02 7.273658e-02 7.088375e-02 7.158165e-02 1.617625e-01 7.749939e-02 1.492096e-01 
    22.5                2.609508e-02 1.868280e-03 7.404621e-02 7.373709e-02 3.240163e-02 3.396327e-02 7.646392e-02 7.407572e-02 7.370863e-02 1.669523e-01 7.831432e-02 1.540484e-01 
    23.5                2.717667e-02 5.910083e-04 7.479493e-02 7.497247e-02 3.253388e-02 3.372004e-02 7.749959e-02 7.482682e-02 7.494074e-02 1.682890e-01 7.765286e-02 1.554051e-01 
    24.5                3.026777e-02 6.244670e-05 7.577117e-02 7.522001e-02 3.241503e-02 3.380683e-02 7.923334e-02 7.580761e-02 7.518417e-02 1.689802e-01 7.835318e-02 1.569644e-01 
    25.5                3.326653e-02 5.517943e-07 7.554889e-02 7.518184e-02 3.207687e-02 3.345438e-02 7.959150e-02 7.558876e-02 7.514210e-02 1.680336e-01 7.828361e-02 1.567598e-01 
    26.5                3.568271e-02 0.000000e+00 7.455682e-02 7.376076e-02 3.142307e-02 3.276143e-02 7.913997e-02 7.459970e-02 7.371826e-02 1.648189e-01 7.748178e-02 1.544733e-01 
    27.5                3.720982e-02 0.000000e+00 7.211279e-02 7.120848e-02 3.017113e-02 3.151821e-02 7.715302e-02 7.215783e-02 7.116449e-02 1.588247e-01 7.547001e-02 1.496360e-01 
    28.5                3.922010e-02 0.000000e+00 6.995651e-02 6.924175e-02 2.928240e-02 3.045269e-02 7.543798e-02 7.000366e-02 6.919505e-02 1.539130e-01 7.438256e-02 1.458701e-01 
    29.5                4.059602e-02 0.000000e+00 6.720372e-02 6.588248e-02 2.780831e-02 2.913326e-02 7.311665e-02 6.725279e-02 6.583441e-02 1.468577e-01 7.240320e-02 1.401350e-01 
    30.5                4.106790e-02 0.000000e+00 6.350933e-02 6.198929e-02 2.611852e-02 2.743271e-02 6.968399e-02 6.355913e-02 6.194081e-02 1.381881e-01 6.949132e-02 1.327853e-01 
    31.5                4.103586e-02 0.000000e+00 5.909995e-02 5.790931e-02 2.437549e-02 2.549526e-02 6.540956e-02 5.914956e-02 5.786072e-02 1.285835e-01 6.618980e-02 1.245783e-01 
    32.5                4.080140e-02 0.000000e+00 5.493481e-02 5.311185e-02 2.235601e-02 2.363798e-02 6.140114e-02 5.498444e-02 5.306385e-02 1.185421e-01 6.280436e-02 1.159900e-01 
    33.5                3.920353e-02 0.000000e+00 4.929324e-02 4.773233e-02 2.011200e-02 2.118370e-02 5.563610e-02 4.934093e-02 4.768620e-02 1.063307e-01 5.798743e-02 1.050428e-01 
    34.5                3.678515e-02 0.000000e+00 4.396947e-02 4.210164e-02 1.772576e-02 1.887518e-02 5.004707e-02 4.401446e-02 4.205861e-02 9.422101e-02 5.268100e-02 9.387697e-02 
    35.5                3.392022e-02 0.000000e+00 3.800182e-02 3.660921e-02 1.544254e-02 1.631088e-02 4.366547e-02 3.804308e-02 3.656930e-02 8.158950e-02 4.704674e-02 8.217783e-02 
    36.5                3.109099e-02 0.000000e+00 3.297130e-02 3.152089e-02 1.328559e-02 1.412926e-02 3.827773e-02 3.300940e-02 3.148458e-02 7.043434e-02 4.186554e-02 7.174952e-02 
    37.5                2.759025e-02 0.000000e+00 2.773112e-02 2.631317e-02 1.111487e-02 1.187182e-02 3.250763e-02 2.776499e-02 2.628102e-02 5.897744e-02 3.619844e-02 6.079166e-02 
    38.5                2.396424e-02 0.000000e+00 2.293685e-02 2.160191e-02 9.119456e-03 9.812452e-03 2.714867e-02 2.296638e-02 2.157410e-02 4.855950e-02 3.073085e-02 5.065271e-02 
    39.5                1.991414e-02 0.000000e+00 1.820137e-02 1.682485e-02 7.108744e-03 7.778330e-03 2.176470e-02 1.822609e-02 1.680192e-02 3.815988e-02 2.498308e-02 4.034290e-02 
    40.5                1.566416e-02 0.000000e+00 1.356423e-02 1.258112e-02 5.317008e-03 5.793422e-03 1.639916e-02 1.358370e-02 1.256310e-02 2.846726e-02 1.927462e-02 3.051084e-02 
    41.5                1.157809e-02 0.000000e+00 9.653269e-03 8.810161e-03 3.729097e-03 4.119455e-03 1.177984e-02 9.667758e-03 8.796946e-03 2.009256e-02 1.402296e-02 2.181007e-02 
    42.5                8.343502e-03 0.000000e+00 6.698419e-03 5.975464e-03 2.529945e-03 2.857887e-03 8.258506e-03 6.708964e-03 5.966044e-03 1.378658e-02 9.949955e-03 1.518317e-02 
    43.5                5.378333e-03 0.000000e+00 4.142824e-03 3.675080e-03 1.556878e-03 1.765702e-03 5.160314e-03 4.149652e-03 3.669039e-03 8.501304e-03 6.329582e-03 9.493273e-03 
    44.5                3.114341e-03 0.000000e+00 2.333121e-03 1.987903e-03 8.428662e-04 9.940032e-04 2.936033e-03 2.337141e-03 1.984470e-03 4.697484e-03 3.618436e-03 5.328085e-03 
    45.5                1.474370e-03 0.000000e+00 1.101820e-03 8.759888e-04 3.717077e-04 4.689690e-04 1.398447e-03 1.103788e-03 8.744287e-04 2.149692e-03 1.697980e-03 2.467388e-03 
    46.5                4.841246e-04 0.000000e+00 3.484190e-04 2.740112e-04 1.163004e-04 1.482226e-04 4.467689e-04 3.490676e-04 2.735015e-04 6.764073e-04 5.518029e-04 7.886305e-04 
    47.5                1.017221e-04 0.000000e+00 8.252634e-05 4.468580e-05 1.897944e-05 3.509356e-05 1.065450e-04 8.268418e-05 4.460032e-05 1.382375e-04 1.152139e-04 1.628914e-04 
    48.5                7.107625e-06 0.000000e+00 7.076669e-06 1.609469e-06 6.838164e-07 3.008181e-06 9.192690e-06 7.090532e-06 1.606338e-06 9.438324e-06 8.009544e-06 1.122380e-05 
    49.5                0.000000e+00 0.000000e+00 0.000000e+00 0.000000e+00 0.000000e+00 0.000000e+00 0.000000e+00 0.000000e+00 0.000000e+00 0.000000e+00 0.000000e+00 0.000000e+00 
    50.5                0.000000e+00 0.000000e+00 0.000000e+00 0.000000e+00 0.000000e+00 0.000000e+00 0.000000e+00 0.000000e+00 0.000000e+00 0.000000e+00 0.000000e+00 0.000000e+00 
    51.5                0.000000e+00 0.000000e+00 0.000000e+00 0.000000e+00 0.000000e+00 0.000000e+00 0.000000e+00 0.000000e+00 0.000000e+00 0.000000e+00 0.000000e+00 0.000000e+00 
    52.5                0.000000e+00 0.000000e+00 0.000000e+00 0.000000e+00 0.000000e+00 0.000000e+00 0.000000e+00 0.000000e+00 0.000000e+00 0.000000e+00 0.000000e+00 0.000000e+00 
    53.5                0.000000e+00 0.000000e+00 0.000000e+00 0.000000e+00 0.000000e+00 0.000000e+00 0.000000e+00 0.000000e+00 0.000000e+00 0.000000e+00 0.000000e+00 0.000000e+00 
    54.5                0.000000e+00 0.000000e+00 0.000000e+00 0.000000e+00 0.000000e+00 0.000000e+00 0.000000e+00 0.000000e+00 0.000000e+00 0.000000e+00 0.000000e+00 0.000000e+00 
    55.5                0.000000e+00 0.000000e+00 0.000000e+00 0.000000e+00 0.000000e+00 0.000000e+00 0.000000e+00 0.000000e+00 0.000000e+00 0.000000e+00 0.000000e+00 0.000000e+00 
    56.5                0.000000e+00 0.000000e+00 0.000000e+00 0.000000e+00 0.000000e+00 0.000000e+00 0.000000e+00 0.000000e+00 0.000000e+00 0.000000e+00 0.000000e+00 0.000000e+00 
    57.5                0.000000e+00 0.000000e+00 0.000000e+00 0.000000e+00 0.000000e+00 0.000000e+00 0.000000e+00 0.000000e+00 0.000000e+00 0.000000e+00 0.000000e+00 0.000000e+00 
    58.5                0.000000e+00 0.000000e+00 0.000000e+00 0.000000e+00 0.000000e+00 0.000000e+00 0.000000e+00 0.000000e+00 0.000000e+00 0.000000e+00 0.000000e+00 0.000000e+00 
    59.5                0.000000e+00 0.000000e+00 0.000000e+00 0.000000e+00 0.000000e+00 0.000000e+00 0.000000e+00 0.000000e+00 0.000000e+00 0.000000e+00 0.000000e+00 0.000000e+00 
    60.5                0.000000e+00 0.000000e+00 0.000000e+00 0.000000e+00 0.000000e+00 0.000000e+00 0.000000e+00 0.000000e+00 0.000000e+00 0.000000e+00 0.000000e+00 0.000000e+00 
    61.5                0.000000e+00 0.000000e+00 0.000000e+00 0.000000e+00 0.000000e+00 0.000000e+00 0.000000e+00 0.000000e+00 0.000000e+00 0.000000e+00 0.000000e+00 0.000000e+00 
    62.5                0.000000e+00 0.000000e+00 0.000000e+00 0.000000e+00 0.000000e+00 0.000000e+00 0.000000e+00 0.000000e+00 0.000000e+00 0.000000e+00 0.000000e+00 0.000000e+00 
    63.5                0.000000e+00 0.000000e+00 0.000000e+00 0.000000e+00 0.000000e+00 0.000000e+00 0.000000e+00 0.000000e+00 0.000000e+00 0.000000e+00 0.000000e+00 0.000000e+00 
    64.5                0.000000e+00 0.000000e+00 0.000000e+00 0.000000e+00 0.000000e+00 0.000000e+00 0.000000e+00 0.000000e+00 0.000000e+00 0.000000e+00 0.000000e+00 0.000000e+00 
    65.5                0.000000e+00 0.000000e+00 0.000000e+00 0.000000e+00 0.000000e+00 0.000000e+00 0.000000e+00 0.000000e+00 0.000000e+00 0.000000e+00 0.000000e+00 0.000000e+00 
    66.5                0.000000e+00 0.000000e+00 0.000000e+00 0.000000e+00 0.000000e+00 0.000000e+00 0.000000e+00 0.000000e+00 0.000000e+00 0.000000e+00 0.000000e+00 0.000000e+00 
    67.5                0.000000e+00 0.000000e+00 0.000000e+00 0.000000e+00 0.000000e+00 0.000000e+00 0.000000e+00 0.000000e+00 0.000000e+00 0.000000e+00 0.000000e+00 0.000000e+00 
    68.5                0.000000e+00 0.000000e+00 0.000000e+00 0.000000e+00 0.000000e+00 0.000000e+00 0.000000e+00 0.000000e+00 0.000000e+00 0.000000e+00 0.000000e+00 0.000000e+00 
    69.5                0.000000e+00 0.000000e+00 0.000000e+00 0.000000e+00 0.000000e+00 0.000000e+00 0.000000e+00 0.000000e+00 0.000000e+00 0.000000e+00 0.000000e+00 0.000000e+00 
    70.5                0.000000e+00 0.000000e+00 0.000000e+00 0.000000e+00 0.000000e+00 0.000000e+00 0.000000e+00 0.000000e+00 0.000000e+00 0.000000e+00 0.000000e+00 0.000000e+00 
    71.5                0.000000e+00 0.000000e+00 0.000000e+00 0.000000e+00 0.000000e+00 0.000000e+00 0.000000e+00 0.000000e+00 0.000000e+00 0.000000e+00 0.000000e+00 0.000000e+00 
    72.5                0.000000e+00 0.000000e+00 0.000000e+00 0.000000e+00 0.000000e+00 0.000000e+00 0.000000e+00 0.000000e+00 0.000000e+00 0.000000e+00 0.000000e+00 0.000000e+00 
    73.5                0.000000e+00 0.000000e+00 0.000000e+00 0.000000e+00 0.000000e+00 0.000000e+00 0.000000e+00 0.000000e+00 0.000000e+00 0.000000e+00 0.000000e+00 0.000000e+00 
    74.5                0.000000e+00 0.000000e+00 0.000000e+00 0.000000e+00 0.000000e+00 0.000000e+00 0.000000e+00 0.000000e+00 0.000000e+00 0.000000e+00 0.000000e+00 0.000000e+00 
    75.5                0.000000e+00 0.000000e+00 0.000000e+00 0.000000e+00 0.000000e+00 0.000000e+00 0.000000e+00 0.000000e+00 0.000000e+00 0.000000e+00 0.000000e+00 0.000000e+00 
    76.5                0.000000e+00 0.000000e+00 0.000000e+00 0.000000e+00 0.000000e+00 0.000000e+00 0.000000e+00 0.000000e+00 0.000000e+00 0.000000e+00 0.000000e+00 0.000000e+00 
    77.5                0.000000e+00 0.000000e+00 0.000000e+00 0.000000e+00 0.000000e+00 0.000000e+00 0.000000e+00 0.000000e+00 0.000000e+00 0.000000e+00 0.000000e+00 0.000000e+00 
    78.5                0.000000e+00 0.000000e+00 0.000000e+00 0.000000e+00 0.000000e+00 0.000000e+00 0.000000e+00 0.000000e+00 0.000000e+00 0.000000e+00 0.000000e+00 0.000000e+00 
    79.5                0.000000e+00 0.000000e+00 0.000000e+00 0.000000e+00 0.000000e+00 0.000000e+00 0.000000e+00 0.000000e+00 0.000000e+00 0.000000e+00 0.000000e+00 0.000000e+00 


