# 80 rows of flux data
# 12 columns of flux data
# 
# total cross-sectional flux  4.770894e+00 /m^2/yr
#
#                             +x ram      -x wake      +y port -y starboard    +z zenith     -z nadir        Earth          Sun     anti-Sun      rot (x)      rot (y)      rot (z) 
# average speed (km/s)         27.29        15.43        26.91        27.07        18.84        23.80        27.56        26.90        27.07        26.05        24.81        26.65 
# total flux (#/m2/yr)  1.331834e+00 1.097031e-01 1.808100e+00 1.828145e+00 7.588958e-03 2.055542e+00 1.522264e+00 1.805577e+00 1.830706e+00 4.438532e+00 2.740082e+00 4.057321e+00 
# velocity (km/s)
     0.5                0.000000e+00 0.000000e+00 0.000000e+00 0.000000e+00 0.000000e+00 0.000000e+00 0.000000e+00 0.000000e+00 0.000000e+00 0.000000e+00 0.000000e+00 0.000000e+00 
     1.5                0.000000e+00 0.000000e+00 0.000000e+00 0.000000e+00 0.000000e+00 0.000000e+00 0.000000e+00 0.000000e+00 0.000000e+00 0.000000e+00 0.000000e+00 0.000000e+00 
     2.5                0.000000e+00 0.000000e+00 0.000000e+00 0.000000e+00 0.000000e+00 0.000000e+00 0.000000e+00 0.000000e+00 0.000000e+00 0.000000e+00 0.000000e+00 0.000000e+00 
     3.5                6.710971e-05 9.633566e-06 2.275338e-05 1.875815e-05 0.000000e+00 2.731755e-05 3.815157e-05 2.261253e-05 1.885644e-05 5.105849e-05 8.209104e-05 8.843548e-05 
     4.5                2.276683e-04 1.667811e-05 9.220924e-05 7.297205e-05 3.300615e-05 7.339839e-05 1.508205e-04 9.166989e-05 7.331063e-05 2.081469e-04 2.724074e-04 3.033380e-04 
     5.5                5.266170e-04 1.079751e-04 2.709758e-04 2.504901e-04 3.160868e-05 2.858595e-04 3.279234e-04 2.701137e-04 2.513698e-04 6.500431e-04 7.419065e-04 8.597547e-04 
     6.5                1.709467e-03 4.667478e-04 7.908818e-04 7.369839e-04 1.358568e-04 1.147586e-03 1.057138e-03 7.882706e-04 7.395431e-04 2.190500e-03 2.670951e-03 2.842630e-03 
     7.5                3.935912e-03 1.197449e-03 1.713145e-03 1.587461e-03 1.451255e-04 3.416672e-03 2.249812e-03 1.707737e-03 1.593447e-03 5.377492e-03 6.653216e-03 6.642310e-03 
     8.5                5.132946e-03 2.585304e-03 3.151230e-03 3.061224e-03 2.700473e-04 5.881515e-03 3.089327e-03 3.145900e-03 3.066493e-03 9.543913e-03 1.048126e-02 1.074732e-02 
     9.5                7.969767e-03 4.553313e-03 5.542678e-03 5.365380e-03 3.988691e-04 1.063711e-02 5.069504e-03 5.535344e-03 5.372259e-03 1.685661e-02 1.760047e-02 1.800804e-02 
    10.5                1.134477e-02 5.633776e-03 8.197299e-03 8.057746e-03 3.653155e-04 1.697804e-02 7.193242e-03 8.185028e-03 8.069235e-03 2.593090e-02 2.560838e-02 2.553721e-02 
    11.5                1.398726e-02 7.077679e-03 1.128243e-02 1.103626e-02 3.826316e-04 2.391257e-02 9.294144e-03 1.126882e-02 1.105139e-02 3.575977e-02 3.391242e-02 3.335783e-02 
    12.5                1.876344e-02 7.906566e-03 1.571001e-02 1.551375e-02 3.523905e-04 3.446125e-02 1.272893e-02 1.568796e-02 1.553687e-02 5.073385e-02 4.616493e-02 4.469780e-02 
    13.5                2.199621e-02 9.747110e-03 2.143844e-02 2.099740e-02 3.633017e-04 4.559584e-02 1.647454e-02 2.141229e-02 2.102221e-02 6.754882e-02 5.880335e-02 5.747635e-02 
    14.5                2.664126e-02 1.010154e-02 2.689850e-02 2.631116e-02 3.144182e-04 5.596403e-02 2.073758e-02 2.686405e-02 2.634552e-02 8.352611e-02 7.112267e-02 7.024311e-02 
    15.5                3.018199e-02 1.049501e-02 3.310306e-02 3.262056e-02 3.425562e-04 6.694958e-02 2.499489e-02 3.306193e-02 3.266133e-02 1.012550e-01 8.321820e-02 8.365044e-02 
    16.5                3.690996e-02 1.031981e-02 4.053331e-02 4.025903e-02 3.568921e-04 8.076876e-02 3.113300e-02 4.047863e-02 4.031497e-02 1.231474e-01 9.947880e-02 1.014933e-01 
    17.5                3.836123e-02 9.986611e-03 4.711261e-02 4.653147e-02 3.272561e-04 8.794907e-02 3.586589e-02 4.705333e-02 4.659024e-02 1.378472e-01 1.072255e-01 1.137547e-01 
    18.5                3.563495e-02 8.986064e-03 5.298879e-02 5.270926e-02 3.084696e-04 9.254599e-02 3.882775e-02 5.293352e-02 5.276485e-02 1.499973e-01 1.098949e-01 1.219067e-01 
    19.5                4.290359e-02 7.608110e-03 6.179796e-02 6.127961e-02 3.106680e-04 1.054833e-01 4.680957e-02 6.172405e-02 6.135253e-02 1.733792e-01 1.252495e-01 1.426993e-01 
    20.5                4.161448e-02 5.933330e-03 6.730541e-02 6.623933e-02 2.868960e-04 1.095076e-01 5.053031e-02 6.723074e-02 6.631312e-02 1.844466e-01 1.279814e-01 1.509012e-01 
    21.5                4.268625e-02 3.980495e-03 7.381742e-02 7.355081e-02 2.851956e-04 1.125681e-01 5.539321e-02 7.373674e-02 7.363115e-02 1.968413e-01 1.307085e-01 1.626673e-01 
    22.5                4.249954e-02 2.150154e-03 7.965864e-02 7.922396e-02 3.126714e-04 1.138300e-01 6.001727e-02 7.957441e-02 7.930759e-02 2.067051e-01 1.314087e-01 1.721122e-01 
    23.5                4.424780e-02 7.476325e-04 8.435893e-02 8.423579e-02 2.744580e-04 1.136729e-01 6.440726e-02 8.426812e-02 8.432595e-02 2.143336e-01 1.312710e-01 1.810863e-01 
    24.5                4.561677e-02 9.131753e-05 8.750046e-02 8.763424e-02 2.553909e-04 1.104391e-01 6.745637e-02 8.740644e-02 8.772961e-02 2.175102e-01 1.278373e-01 1.861590e-01 
    25.5                4.891708e-02 7.756289e-07 8.987871e-02 8.983584e-02 2.341729e-04 1.062180e-01 7.089253e-02 8.977634e-02 8.993697e-02 2.183113e-01 1.246634e-01 1.908690e-01 
    26.5                5.161879e-02 0.000000e+00 9.145219e-02 9.201445e-02 2.113198e-04 1.014794e-01 7.324611e-02 9.134496e-02 9.212196e-02 2.184591e-01 1.209120e-01 1.940290e-01 
    27.5                5.439686e-02 0.000000e+00 9.192556e-02 9.264104e-02 2.043809e-04 9.495869e-02 7.516779e-02 9.181276e-02 9.275454e-02 2.153413e-01 1.159301e-01 1.952744e-01 
    28.5                5.569058e-02 0.000000e+00 9.037864e-02 9.082652e-02 1.872823e-04 8.677516e-02 7.538093e-02 9.026255e-02 9.094211e-02 2.075604e-01 1.089150e-01 1.917170e-01 
    29.5                5.854509e-02 0.000000e+00 8.957209e-02 9.095421e-02 1.610046e-04 8.098954e-02 7.621259e-02 8.945111e-02 9.107678e-02 2.037993e-01 1.053643e-01 1.914995e-01 
    30.5                5.853559e-02 0.000000e+00 8.528703e-02 8.672447e-02 1.297406e-04 7.258791e-02 7.393384e-02 8.516589e-02 8.684683e-02 1.917260e-01 9.799406e-02 1.830367e-01 
    31.5                5.837954e-02 0.000000e+00 8.108331e-02 8.250555e-02 1.324906e-04 6.381982e-02 7.171749e-02 8.096262e-02 8.262771e-02 1.797787e-01 9.066548e-02 1.746833e-01 
    32.5                5.767123e-02 0.000000e+00 7.566166e-02 7.763863e-02 1.067575e-04 5.518324e-02 6.837462e-02 7.554278e-02 7.775965e-02 1.663415e-01 8.347050e-02 1.645485e-01 
    33.5                5.668622e-02 0.000000e+00 7.048445e-02 7.182084e-02 8.752399e-05 4.718598e-02 6.507422e-02 7.036733e-02 7.193954e-02 1.525984e-01 7.689783e-02 1.538032e-01 
    34.5                5.363743e-02 0.000000e+00 6.299747e-02 6.505801e-02 7.484161e-05 3.941924e-02 5.928131e-02 6.288742e-02 6.517108e-02 1.360865e-01 6.917766e-02 1.392894e-01 
    35.5                4.921499e-02 0.000000e+00 5.486848e-02 5.703884e-02 5.886123e-05 3.163425e-02 5.267070e-02 5.476776e-02 5.714285e-02 1.178416e-01 6.054632e-02 1.225827e-01 
    36.5                4.458786e-02 0.000000e+00 4.726319e-02 4.927990e-02 4.686490e-05 2.478461e-02 4.627555e-02 4.717215e-02 4.937434e-02 1.007595e-01 5.254056e-02 1.065707e-01 
    37.5                4.002540e-02 0.000000e+00 4.047023e-02 4.226015e-02 3.345538e-05 1.914784e-02 4.039172e-02 4.038857e-02 4.234499e-02 8.567324e-02 4.549279e-02 9.206239e-02 
    38.5                3.445442e-02 0.000000e+00 3.309612e-02 3.471798e-02 2.418479e-05 1.408049e-02 3.370733e-02 3.302595e-02 3.479114e-02 6.977670e-02 3.799145e-02 7.617129e-02 
    39.5                2.870989e-02 0.000000e+00 2.603823e-02 2.781379e-02 1.896567e-05 9.970297e-03 2.703412e-02 2.598038e-02 2.787536e-02 5.510528e-02 3.090218e-02 6.109954e-02 
    40.5                2.301971e-02 0.000000e+00 1.993220e-02 2.129352e-02 8.973050e-06 6.709407e-03 2.110980e-02 1.988575e-02 2.134283e-02 4.195639e-02 2.427916e-02 4.726067e-02 
    41.5                1.719736e-02 0.000000e+00 1.403528e-02 1.538904e-02 7.059641e-06 4.172018e-03 1.514049e-02 1.400111e-02 1.542641e-02 2.983087e-02 1.786927e-02 3.410649e-02 
    42.5                1.202391e-02 0.000000e+00 9.454199e-03 1.025897e-02 4.535390e-06 2.346204e-03 1.039721e-02 9.430156e-03 1.028494e-02 1.990175e-02 1.232881e-02 2.310310e-02 
    43.5                7.923499e-03 0.000000e+00 5.805567e-03 6.639278e-03 1.865783e-06 1.203247e-03 6.506547e-03 5.790161e-03 6.656827e-03 1.252580e-02 8.048542e-03 1.475934e-02 
    44.5                4.575508e-03 0.000000e+00 3.177637e-03 3.705689e-03 1.087803e-06 5.477896e-04 3.626532e-03 3.168832e-03 3.715914e-03 6.920755e-03 4.625217e-03 8.268887e-03 
    45.5                2.181492e-03 0.000000e+00 1.437688e-03 1.722677e-03 3.756621e-07 1.821982e-04 1.669151e-03 1.433561e-03 1.727623e-03 3.167773e-03 2.192161e-03 3.840923e-03 
    46.5                7.189490e-04 0.000000e+00 4.252904e-04 5.775473e-04 1.733405e-07 4.537549e-05 5.020203e-04 4.240192e-04 5.792657e-04 1.007289e-03 7.230934e-04 1.234491e-03 
    47.5                1.476197e-04 0.000000e+00 8.154548e-05 1.187993e-04 1.544581e-08 5.091204e-06 9.748926e-05 8.129582e-05 1.191635e-04 2.004653e-04 1.477819e-04 2.488704e-04 
    48.5                1.613116e-05 0.000000e+00 5.663947e-06 1.578759e-05 0.000000e+00 2.490336e-07 6.835479e-06 5.646286e-06 1.583695e-05 2.145379e-05 1.613419e-05 2.684054e-05 
    49.5                0.000000e+00 0.000000e+00 0.000000e+00 0.000000e+00 0.000000e+00 0.000000e+00 0.000000e+00 0.000000e+00 0.000000e+00 0.000000e+00 0.000000e+00 0.000000e+00 
    50.5                0.000000e+00 0.000000e+00 0.000000e+00 0.000000e+00 0.000000e+00 0.000000e+00 0.000000e+00 0.000000e+00 0.000000e+00 0.000000e+00 0.000000e+00 0.000000e+00 
    51.5                0.000000e+00 0.000000e+00 0.000000e+00 0.000000e+00 0.000000e+00 0.000000e+00 0.000000e+00 0.000000e+00 0.000000e+00 0.000000e+00 0.000000e+00 0.000000e+00 
    52.5                0.000000e+00 0.000000e+00 0.000000e+00 0.000000e+00 0.000000e+00 0.000000e+00 0.000000e+00 0.000000e+00 0.000000e+00 0.000000e+00 0.000000e+00 0.000000e+00 
    53.5                0.000000e+00 0.000000e+00 0.000000e+00 0.000000e+00 0.000000e+00 0.000000e+00 0.000000e+00 0.000000e+00 0.000000e+00 0.000000e+00 0.000000e+00 0.000000e+00 
    54.5                0.000000e+00 0.000000e+00 0.000000e+00 0.000000e+00 0.000000e+00 0.000000e+00 0.000000e+00 0.000000e+00 0.000000e+00 0.000000e+00 0.000000e+00 0.000000e+00 
    55.5                0.000000e+00 0.000000e+00 0.000000e+00 0.000000e+00 0.000000e+00 0.000000e+00 0.000000e+00 0.000000e+00 0.000000e+00 0.000000e+00 0.000000e+00 0.000000e+00 
    56.5                0.000000e+00 0.000000e+00 0.000000e+00 0.000000e+00 0.000000e+00 0.000000e+00 0.000000e+00 0.000000e+00 0.000000e+00 0.000000e+00 0.000000e+00 0.000000e+00 
    57.5                0.000000e+00 0.000000e+00 0.000000e+00 0.000000e+00 0.000000e+00 0.000000e+00 0.000000e+00 0.000000e+00 0.000000e+00 0.000000e+00 0.000000e+00 0.000000e+00 
    58.5                0.000000e+00 0.000000e+00 0.000000e+00 0.000000e+00 0.000000e+00 0.000000e+00 0.000000e+00 0.000000e+00 0.000000e+00 0.000000e+00 0.000000e+00 0.000000e+00 
    59.5                0.000000e+00 0.000000e+00 0.000000e+00 0.000000e+00 0.000000e+00 0.000000e+00 0.000000e+00 0.000000e+00 0.000000e+00 0.000000e+00 0.000000e+00 0.000000e+00 
    60.5                0.000000e+00 0.000000e+00 0.000000e+00 0.000000e+00 0.000000e+00 0.000000e+00 0.000000e+00 0.000000e+00 0.000000e+00 0.000000e+00 0.000000e+00 0.000000e+00 
    61.5                0.000000e+00 0.000000e+00 0.000000e+00 0.000000e+00 0.000000e+00 0.000000e+00 0.000000e+00 0.000000e+00 0.000000e+00 0.000000e+00 0.000000e+00 0.000000e+00 
    62.5                0.000000e+00 0.000000e+00 0.000000e+00 0.000000e+00 0.000000e+00 0.000000e+00 0.000000e+00 0.000000e+00 0.000000e+00 0.000000e+00 0.000000e+00 0.000000e+00 
    63.5                0.000000e+00 0.000000e+00 0.000000e+00 0.000000e+00 0.000000e+00 0.000000e+00 0.000000e+00 0.000000e+00 0.000000e+00 0.000000e+00 0.000000e+00 0.000000e+00 
    64.5                0.000000e+00 0.000000e+00 0.000000e+00 0.000000e+00 0.000000e+00 0.000000e+00 0.000000e+00 0.000000e+00 0.000000e+00 0.000000e+00 0.000000e+00 0.000000e+00 
    65.5                0.000000e+00 0.000000e+00 0.000000e+00 0.000000e+00 0.000000e+00 0.000000e+00 0.000000e+00 0.000000e+00 0.000000e+00 0.000000e+00 0.000000e+00 0.000000e+00 
    66.5                0.000000e+00 0.000000e+00 0.000000e+00 0.000000e+00 0.000000e+00 0.000000e+00 0.000000e+00 0.000000e+00 0.000000e+00 0.000000e+00 0.000000e+00 0.000000e+00 
    67.5                0.000000e+00 0.000000e+00 0.000000e+00 0.000000e+00 0.000000e+00 0.000000e+00 0.000000e+00 0.000000e+00 0.000000e+00 0.000000e+00 0.000000e+00 0.000000e+00 
    68.5                0.000000e+00 0.000000e+00 0.000000e+00 0.000000e+00 0.000000e+00 0.000000e+00 0.000000e+00 0.000000e+00 0.000000e+00 0.000000e+00 0.000000e+00 0.000000e+00 
    69.5                0.000000e+00 0.000000e+00 0.000000e+00 0.000000e+00 0.000000e+00 0.000000e+00 0.000000e+00 0.000000e+00 0.000000e+00 0.000000e+00 0.000000e+00 0.000000e+00 
    70.5                0.000000e+00 0.000000e+00 0.000000e+00 0.000000e+00 0.000000e+00 0.000000e+00 0.000000e+00 0.000000e+00 0.000000e+00 0.000000e+00 0.000000e+00 0.000000e+00 
    71.5                0.000000e+00 0.000000e+00 0.000000e+00 0.000000e+00 0.000000e+00 0.000000e+00 0.000000e+00 0.000000e+00 0.000000e+00 0.000000e+00 0.000000e+00 0.000000e+00 
    72.5                0.000000e+00 0.000000e+00 0.000000e+00 0.000000e+00 0.000000e+00 0.000000e+00 0.000000e+00 0.000000e+00 0.000000e+00 0.000000e+00 0.000000e+00 0.000000e+00 
    73.5                0.000000e+00 0.000000e+00 0.000000e+00 0.000000e+00 0.000000e+00 0.000000e+00 0.000000e+00 0.000000e+00 0.000000e+00 0.000000e+00 0.000000e+00 0.000000e+00 
    74.5                0.000000e+00 0.000000e+00 0.000000e+00 0.000000e+00 0.000000e+00 0.000000e+00 0.000000e+00 0.000000e+00 0.000000e+00 0.000000e+00 0.000000e+00 0.000000e+00 
    75.5                0.000000e+00 0.000000e+00 0.000000e+00 0.000000e+00 0.000000e+00 0.000000e+00 0.000000e+00 0.000000e+00 0.000000e+00 0.000000e+00 0.000000e+00 0.000000e+00 
    76.5                0.000000e+00 0.000000e+00 0.000000e+00 0.000000e+00 0.000000e+00 0.000000e+00 0.000000e+00 0.000000e+00 0.000000e+00 0.000000e+00 0.000000e+00 0.000000e+00 
    77.5                0.000000e+00 0.000000e+00 0.000000e+00 0.000000e+00 0.000000e+00 0.000000e+00 0.000000e+00 0.000000e+00 0.000000e+00 0.000000e+00 0.000000e+00 0.000000e+00 
    78.5                0.000000e+00 0.000000e+00 0.000000e+00 0.000000e+00 0.000000e+00 0.000000e+00 0.000000e+00 0.000000e+00 0.000000e+00 0.000000e+00 0.000000e+00 0.000000e+00 
    79.5                0.000000e+00 0.000000e+00 0.000000e+00 0.000000e+00 0.000000e+00 0.000000e+00 0.000000e+00 0.000000e+00 0.000000e+00 0.000000e+00 0.000000e+00 0.000000e+00 


