# 80 rows of flux data
# 12 columns of flux data
# 
# total cross-sectional flux  2.355122e-01 /m^2/yr
#
#                             +x ram      -x wake      +y port -y starboard    +z zenith     -z nadir        Earth          Sun     anti-Sun      rot (x)      rot (y)      rot (z) 
# average speed (km/s)          0.66         0.71         1.69         1.69         0.30         0.29         1.70         1.69         1.69         0.73         0.60         0.96 
# total flux (#/m2/yr)  1.191071e-01 3.864589e-02 5.529317e-02 5.535636e-02 7.780591e-01 7.701870e-01 5.374154e-02 5.563353e-02 5.571091e-02 2.266345e-01 2.161233e-01 1.309439e-01 
# velocity (km/s)
     0.5                0.000000e+00 0.000000e+00 0.000000e+00 0.000000e+00 0.000000e+00 0.000000e+00 0.000000e+00 0.000000e+00 0.000000e+00 0.000000e+00 0.000000e+00 0.000000e+00 
     1.5                0.000000e+00 0.000000e+00 0.000000e+00 0.000000e+00 0.000000e+00 0.000000e+00 0.000000e+00 0.000000e+00 0.000000e+00 0.000000e+00 0.000000e+00 0.000000e+00 
     2.5                3.744650e-05 2.981391e-06 1.123011e-05 1.107224e-05 7.589955e-06 6.944897e-06 2.726329e-05 1.124837e-05 1.106576e-05 2.128059e-05 3.907909e-05 4.108542e-05 
     3.5                1.988932e-04 1.864609e-05 8.165610e-05 8.003913e-05 4.832536e-05 4.968162e-05 1.556066e-04 8.161410e-05 7.999893e-05 1.546308e-04 2.385635e-04 2.534892e-04 
     4.5                6.937290e-04 1.038999e-04 3.181922e-04 3.215135e-04 1.761301e-04 1.817468e-04 5.438522e-04 3.180900e-04 3.215853e-04 6.075093e-04 8.882079e-04 9.570529e-04 
     5.5                1.607031e-03 3.886977e-04 8.274385e-04 8.352122e-04 5.117475e-04 5.277195e-04 1.294431e-03 8.273073e-04 8.352077e-04 1.707216e-03 2.285043e-03 2.516671e-03 
     6.5                2.495039e-03 9.418781e-04 1.600560e-03 1.606532e-03 1.165303e-03 1.149345e-03 2.139181e-03 1.600379e-03 1.606699e-03 3.452711e-03 4.101463e-03 4.617005e-03 
     7.5                3.142534e-03 2.103562e-03 2.662782e-03 2.657092e-03 2.137173e-03 2.129728e-03 3.116512e-03 2.662507e-03 2.657189e-03 5.521181e-03 6.304131e-03 7.337962e-03 
     8.5                3.846265e-03 4.156411e-03 4.084157e-03 4.105019e-03 3.721362e-03 3.685177e-03 4.235027e-03 4.084209e-03 4.105241e-03 8.638453e-03 9.668503e-03 1.137576e-02 
     9.5                3.999521e-03 5.509003e-03 5.731516e-03 5.732064e-03 5.903730e-03 5.869634e-03 5.211114e-03 5.731842e-03 5.732164e-03 1.178803e-02 1.172765e-02 1.455034e-02 
    10.5                4.562244e-03 5.182711e-03 7.240795e-03 7.229771e-03 8.536695e-03 8.487005e-03 6.585339e-03 7.240459e-03 7.230336e-03 1.395439e-02 1.222039e-02 1.641949e-02 
    11.5                3.994018e-03 4.816785e-03 8.659262e-03 8.647805e-03 1.154001e-02 1.152036e-02 7.551165e-03 8.659526e-03 8.647579e-03 1.519597e-02 1.118048e-02 1.722571e-02 
    12.5                2.939273e-03 4.194986e-03 9.489664e-03 9.499837e-03 1.496274e-02 1.499774e-02 8.039567e-03 9.489291e-03 9.500031e-03 1.469316e-02 8.750422e-03 1.656241e-02 
    13.5                1.976334e-03 3.475180e-03 1.035777e-02 1.033452e-02 1.866549e-02 1.872333e-02 8.728949e-03 1.035756e-02 1.033422e-02 1.337510e-02 5.692636e-03 1.554698e-02 
    14.5                1.021248e-03 2.847481e-03 1.087938e-02 1.088797e-02 2.268312e-02 2.265250e-02 9.224798e-03 1.087918e-02 1.088753e-02 1.112070e-02 2.528948e-03 1.393372e-02 
    15.5                1.804731e-03 2.199688e-03 1.130515e-02 1.128227e-02 2.665318e-02 2.651082e-02 9.605541e-03 1.130489e-02 1.128221e-02 8.616256e-03 3.037766e-03 1.241934e-02 
    16.5                3.199314e-03 1.592193e-03 1.133744e-02 1.132614e-02 3.038427e-02 3.017232e-02 9.591504e-03 1.133736e-02 1.132617e-02 5.025111e-03 6.933743e-03 9.588815e-03 
    17.5                3.952992e-03 1.039288e-03 1.103753e-02 1.104719e-02 3.328027e-02 3.302344e-02 9.424404e-03 1.103726e-02 1.104768e-02 2.876722e-03 9.840256e-03 7.542711e-03 
    18.5                4.894701e-03 5.745371e-04 1.067798e-02 1.065791e-02 3.601962e-02 3.542772e-02 9.032367e-03 1.067795e-02 1.065771e-02 3.043115e-03 1.315830e-02 5.265343e-03 
    19.5                6.054701e-03 2.875599e-04 9.953694e-03 9.957300e-03 3.798180e-02 3.802170e-02 8.267024e-03 9.953316e-03 9.957226e-03 6.214348e-03 1.639459e-02 2.985216e-03 
    20.5                7.019783e-03 1.197328e-04 9.142834e-03 9.136484e-03 4.003026e-02 3.976028e-02 7.418925e-03 9.142523e-03 9.136516e-03 1.026167e-02 1.948201e-02 3.447197e-03 
    21.5                6.438043e-03 1.263070e-04 8.463226e-03 8.446710e-03 4.074096e-02 4.051098e-02 6.941221e-03 8.463179e-03 8.446849e-03 1.297208e-02 2.012994e-02 4.900420e-03 
    22.5                6.316986e-03 1.127193e-04 7.574061e-03 7.559673e-03 4.093210e-02 4.055798e-02 5.884591e-03 7.574066e-03 7.560217e-03 1.526415e-02 2.044355e-02 7.163026e-03 
    23.5                6.559200e-03 5.959073e-05 6.820835e-03 6.814656e-03 4.062533e-02 4.018373e-02 4.682782e-03 6.821219e-03 6.816052e-03 1.726631e-02 2.068346e-02 9.575279e-03 
    24.5                5.953195e-03 1.086943e-05 6.494170e-03 6.487542e-03 3.944279e-02 3.902142e-02 3.877811e-03 6.494959e-03 6.489770e-03 1.837410e-02 1.919862e-02 1.115135e-02 
    25.5                6.110797e-03 2.212737e-07 6.452659e-03 6.440673e-03 3.813134e-02 3.765830e-02 2.911225e-03 6.454376e-03 6.444102e-03 1.953197e-02 1.835913e-02 1.311836e-02 
    26.5                6.184200e-03 0.000000e+00 6.984996e-03 6.979051e-03 3.624930e-02 3.579109e-02 2.438077e-03 6.987160e-03 6.982875e-03 2.054149e-02 1.689561e-02 1.515952e-02 
    27.5                6.288435e-03 0.000000e+00 7.651560e-03 7.647158e-03 3.396723e-02 3.354073e-02 2.900665e-03 7.654968e-03 7.651772e-03 2.080493e-02 1.525974e-02 1.656114e-02 
    28.5                6.534326e-03 0.000000e+00 8.704868e-03 8.707122e-03 3.172990e-02 3.128471e-02 4.100474e-03 8.707651e-03 8.711779e-03 2.122492e-02 1.381628e-02 1.807390e-02 
    29.5                6.656667e-03 0.000000e+00 9.601586e-03 9.599891e-03 2.921512e-02 2.878604e-02 5.383575e-03 9.605692e-03 9.604950e-03 2.099900e-02 1.240770e-02 1.878952e-02 
    30.5                6.750255e-03 0.000000e+00 1.039403e-02 1.040113e-02 2.664624e-02 2.627191e-02 6.525913e-03 1.039787e-02 1.040622e-02 2.053056e-02 1.107497e-02 1.916824e-02 
    31.5                6.676446e-03 0.000000e+00 1.117317e-02 1.116865e-02 2.382614e-02 2.344470e-02 7.758746e-03 1.117839e-02 1.117432e-02 1.957864e-02 9.554354e-03 1.904682e-02 
    32.5                6.599983e-03 0.000000e+00 1.187289e-02 1.186866e-02 2.101366e-02 2.066240e-02 8.931677e-03 1.187756e-02 1.187389e-02 1.850269e-02 8.230659e-03 1.873018e-02 
    33.5                6.475032e-03 0.000000e+00 1.239731e-02 1.240366e-02 1.835106e-02 1.806186e-02 9.993388e-03 1.240221e-02 1.240856e-02 1.711311e-02 7.125547e-03 1.796874e-02 
    34.5                6.239774e-03 0.000000e+00 1.271841e-02 1.270713e-02 1.587113e-02 1.561000e-02 1.084712e-02 1.272298e-02 1.271175e-02 1.555878e-02 6.251953e-03 1.680937e-02 
    35.5                5.902599e-03 0.000000e+00 1.268291e-02 1.268585e-02 1.354079e-02 1.330630e-02 1.129265e-02 1.268851e-02 1.269072e-02 1.395288e-02 5.583338e-03 1.541351e-02 
    36.5                5.294265e-03 0.000000e+00 1.188854e-02 1.189623e-02 1.115133e-02 1.095451e-02 1.094649e-02 1.189431e-02 1.190085e-02 1.187509e-02 4.621469e-03 1.348687e-02 
    37.5                4.658378e-03 0.000000e+00 1.113527e-02 1.114524e-02 9.116550e-03 8.963162e-03 1.059954e-02 1.114031e-02 1.114930e-02 9.930394e-03 3.812423e-03 1.157480e-02 
    38.5                4.110542e-03 0.000000e+00 1.047390e-02 1.047234e-02 7.438701e-03 7.311409e-03 1.030695e-02 1.047879e-02 1.047602e-02 8.320525e-03 3.320863e-03 9.879069e-03 
    39.5                3.509158e-03 0.000000e+00 9.632262e-03 9.645321e-03 5.970795e-03 5.872165e-03 9.786699e-03 9.636918e-03 9.648564e-03 6.741792e-03 2.877630e-03 8.115727e-03 
    40.5                2.906380e-03 0.000000e+00 8.508348e-03 8.513941e-03 4.670711e-03 4.597742e-03 8.901107e-03 8.512305e-03 8.516614e-03 5.294307e-03 2.478530e-03 6.441268e-03 
    41.5                2.385314e-03 0.000000e+00 7.220616e-03 7.235484e-03 3.568031e-03 3.514331e-03 7.756400e-03 7.224310e-03 7.237770e-03 4.123386e-03 2.202311e-03 5.010714e-03 
    42.5                1.916815e-03 0.000000e+00 5.806603e-03 5.819226e-03 2.624039e-03 2.579919e-03 6.398671e-03 5.810115e-03 5.821220e-03 3.129864e-03 1.905851e-03 3.783283e-03 
    43.5                1.444832e-03 0.000000e+00 4.374953e-03 4.390948e-03 1.824816e-03 1.793612e-03 4.934224e-03 4.377674e-03 4.392425e-03 2.242252e-03 1.502032e-03 2.700935e-03 
    44.5                1.136486e-03 0.000000e+00 3.164740e-03 3.172342e-03 1.222920e-03 1.203103e-03 3.652829e-03 3.166750e-03 3.173397e-03 1.674267e-03 1.230942e-03 1.999217e-03 
    45.5                9.050794e-04 0.000000e+00 2.049332e-03 2.064571e-03 7.478045e-04 7.334551e-04 2.415813e-03 2.051007e-03 2.065379e-03 1.273978e-03 9.959446e-04 1.518376e-03 
    46.5                6.788540e-04 0.000000e+00 1.170365e-03 1.181948e-03 4.073394e-04 3.990550e-04 1.406757e-03 1.171523e-03 1.182471e-03 9.170028e-04 7.422163e-04 1.104214e-03 
    47.5                3.966343e-04 0.000000e+00 5.372687e-04 5.451074e-04 1.805820e-04 1.750095e-04 6.569500e-04 5.379475e-04 5.454045e-04 5.168975e-04 4.285349e-04 6.318500e-04 
    48.5                1.511794e-04 0.000000e+00 1.716480e-04 1.772357e-04 5.662193e-05 5.422522e-05 2.133972e-04 1.719438e-04 1.773543e-04 1.905264e-04 1.618348e-04 2.364072e-04 
    49.5                3.545977e-05 0.000000e+00 3.544670e-05 3.704476e-05 1.152345e-05 1.079204e-05 4.467998e-05 3.552213e-05 3.707426e-05 4.336213e-05 3.768068e-05 5.455967e-05 
    50.5                5.254150e-06 0.000000e+00 4.230908e-06 4.955983e-06 1.475377e-06 1.283327e-06 5.401579e-06 4.247027e-06 4.961368e-06 6.275710e-06 5.554844e-06 7.984252e-06 
    51.5                0.000000e+00 0.000000e+00 0.000000e+00 0.000000e+00 0.000000e+00 0.000000e+00 0.000000e+00 0.000000e+00 0.000000e+00 0.000000e+00 0.000000e+00 0.000000e+00 
    52.5                0.000000e+00 0.000000e+00 0.000000e+00 0.000000e+00 0.000000e+00 0.000000e+00 0.000000e+00 0.000000e+00 0.000000e+00 0.000000e+00 0.000000e+00 0.000000e+00 
    53.5                0.000000e+00 0.000000e+00 0.000000e+00 0.000000e+00 0.000000e+00 0.000000e+00 0.000000e+00 0.000000e+00 0.000000e+00 0.000000e+00 0.000000e+00 0.000000e+00 
    54.5                0.000000e+00 0.000000e+00 0.000000e+00 0.000000e+00 0.000000e+00 0.000000e+00 0.000000e+00 0.000000e+00 0.000000e+00 0.000000e+00 0.000000e+00 0.000000e+00 
    55.5                0.000000e+00 0.000000e+00 0.000000e+00 0.000000e+00 0.000000e+00 0.000000e+00 0.000000e+00 0.000000e+00 0.000000e+00 0.000000e+00 0.000000e+00 0.000000e+00 
    56.5                0.000000e+00 0.000000e+00 0.000000e+00 0.000000e+00 0.000000e+00 0.000000e+00 0.000000e+00 0.000000e+00 0.000000e+00 0.000000e+00 0.000000e+00 0.000000e+00 
    57.5                0.000000e+00 0.000000e+00 0.000000e+00 0.000000e+00 0.000000e+00 0.000000e+00 0.000000e+00 0.000000e+00 0.000000e+00 0.000000e+00 0.000000e+00 0.000000e+00 
    58.5                0.000000e+00 0.000000e+00 0.000000e+00 0.000000e+00 0.000000e+00 0.000000e+00 0.000000e+00 0.000000e+00 0.000000e+00 0.000000e+00 0.000000e+00 0.000000e+00 
    59.5                0.000000e+00 0.000000e+00 0.000000e+00 0.000000e+00 0.000000e+00 0.000000e+00 0.000000e+00 0.000000e+00 0.000000e+00 0.000000e+00 0.000000e+00 0.000000e+00 
    60.5                0.000000e+00 0.000000e+00 0.000000e+00 0.000000e+00 0.000000e+00 0.000000e+00 0.000000e+00 0.000000e+00 0.000000e+00 0.000000e+00 0.000000e+00 0.000000e+00 
    61.5                0.000000e+00 0.000000e+00 0.000000e+00 0.000000e+00 0.000000e+00 0.000000e+00 0.000000e+00 0.000000e+00 0.000000e+00 0.000000e+00 0.000000e+00 0.000000e+00 
    62.5                0.000000e+00 0.000000e+00 0.000000e+00 0.000000e+00 0.000000e+00 0.000000e+00 0.000000e+00 0.000000e+00 0.000000e+00 0.000000e+00 0.000000e+00 0.000000e+00 
    63.5                0.000000e+00 0.000000e+00 0.000000e+00 0.000000e+00 0.000000e+00 0.000000e+00 0.000000e+00 0.000000e+00 0.000000e+00 0.000000e+00 0.000000e+00 0.000000e+00 
    64.5                0.000000e+00 0.000000e+00 0.000000e+00 0.000000e+00 0.000000e+00 0.000000e+00 0.000000e+00 0.000000e+00 0.000000e+00 0.000000e+00 0.000000e+00 0.000000e+00 
    65.5                0.000000e+00 0.000000e+00 0.000000e+00 0.000000e+00 0.000000e+00 0.000000e+00 0.000000e+00 0.000000e+00 0.000000e+00 0.000000e+00 0.000000e+00 0.000000e+00 
    66.5                0.000000e+00 0.000000e+00 0.000000e+00 0.000000e+00 0.000000e+00 0.000000e+00 0.000000e+00 0.000000e+00 0.000000e+00 0.000000e+00 0.000000e+00 0.000000e+00 
    67.5                0.000000e+00 0.000000e+00 0.000000e+00 0.000000e+00 0.000000e+00 0.000000e+00 0.000000e+00 0.000000e+00 0.000000e+00 0.000000e+00 0.000000e+00 0.000000e+00 
    68.5                0.000000e+00 0.000000e+00 0.000000e+00 0.000000e+00 0.000000e+00 0.000000e+00 0.000000e+00 0.000000e+00 0.000000e+00 0.000000e+00 0.000000e+00 0.000000e+00 
    69.5                0.000000e+00 0.000000e+00 0.000000e+00 0.000000e+00 0.000000e+00 0.000000e+00 0.000000e+00 0.000000e+00 0.000000e+00 0.000000e+00 0.000000e+00 0.000000e+00 
    70.5                0.000000e+00 0.000000e+00 0.000000e+00 0.000000e+00 0.000000e+00 0.000000e+00 0.000000e+00 0.000000e+00 0.000000e+00 0.000000e+00 0.000000e+00 0.000000e+00 
    71.5                0.000000e+00 0.000000e+00 0.000000e+00 0.000000e+00 0.000000e+00 0.000000e+00 0.000000e+00 0.000000e+00 0.000000e+00 0.000000e+00 0.000000e+00 0.000000e+00 
    72.5                0.000000e+00 0.000000e+00 0.000000e+00 0.000000e+00 0.000000e+00 0.000000e+00 0.000000e+00 0.000000e+00 0.000000e+00 0.000000e+00 0.000000e+00 0.000000e+00 
    73.5                0.000000e+00 0.000000e+00 0.000000e+00 0.000000e+00 0.000000e+00 0.000000e+00 0.000000e+00 0.000000e+00 0.000000e+00 0.000000e+00 0.000000e+00 0.000000e+00 
    74.5                0.000000e+00 0.000000e+00 0.000000e+00 0.000000e+00 0.000000e+00 0.000000e+00 0.000000e+00 0.000000e+00 0.000000e+00 0.000000e+00 0.000000e+00 0.000000e+00 
    75.5                0.000000e+00 0.000000e+00 0.000000e+00 0.000000e+00 0.000000e+00 0.000000e+00 0.000000e+00 0.000000e+00 0.000000e+00 0.000000e+00 0.000000e+00 0.000000e+00 
    76.5                0.000000e+00 0.000000e+00 0.000000e+00 0.000000e+00 0.000000e+00 0.000000e+00 0.000000e+00 0.000000e+00 0.000000e+00 0.000000e+00 0.000000e+00 0.000000e+00 
    77.5                0.000000e+00 0.000000e+00 0.000000e+00 0.000000e+00 0.000000e+00 0.000000e+00 0.000000e+00 0.000000e+00 0.000000e+00 0.000000e+00 0.000000e+00 0.000000e+00 
    78.5                0.000000e+00 0.000000e+00 0.000000e+00 0.000000e+00 0.000000e+00 0.000000e+00 0.000000e+00 0.000000e+00 0.000000e+00 0.000000e+00 0.000000e+00 0.000000e+00 
    79.5                0.000000e+00 0.000000e+00 0.000000e+00 0.000000e+00 0.000000e+00 0.000000e+00 0.000000e+00 0.000000e+00 0.000000e+00 0.000000e+00 0.000000e+00 0.000000e+00 


