# 80 rows of flux data
# 12 columns of flux data
# 
# total cross-sectional flux  2.085379e+00 /m^2/yr
#
#                             +x ram      -x wake      +y port -y starboard    +z zenith     -z nadir        Earth          Sun     anti-Sun      rot (x)      rot (y)      rot (z) 
# average speed (km/s)         43.56        11.47        29.39        29.39        31.78        31.85        40.93        29.39        29.39        31.00        36.80        38.09 
# total flux (#/m2/yr)  1.114059e+00 3.793732e-02 3.478589e-01 3.478590e-01 6.308872e-01 6.311154e-01 7.376811e-01 3.478656e-01 3.478656e-01 1.556062e+00 1.853005e+00 1.499913e+00 
# velocity (km/s)
     0.5                3.153530e-06 2.408927e-06 2.541255e-06 2.547096e-06 2.495030e-06 2.560149e-06 2.893549e-06 2.541360e-06 2.547185e-06 7.975278e-06 8.284405e-06 8.337185e-06 
     1.5                7.257913e-05 5.126246e-05 5.201457e-05 5.209984e-05 5.040090e-05 5.069938e-05 6.168221e-05 5.201842e-05 5.210326e-05 1.610059e-04 1.757910e-04 1.782489e-04 
     2.5                3.482256e-04 2.357105e-04 2.546140e-04 2.551783e-04 2.502442e-04 2.488947e-04 3.005123e-04 2.546216e-04 2.551843e-04 7.913488e-04 8.456718e-04 8.550516e-04 
     3.5                8.570190e-04 5.994600e-04 7.279952e-04 7.282783e-04 6.994113e-04 7.030593e-04 7.960708e-04 7.280123e-04 7.282911e-04 2.245278e-03 2.220840e-03 2.271021e-03 
     4.5                1.514515e-03 1.087585e-03 1.485942e-03 1.484859e-03 1.435561e-03 1.429340e-03 1.511971e-03 1.485943e-03 1.484861e-03 4.579651e-03 4.248672e-03 4.353143e-03 
     5.5                2.218067e-03 1.645262e-03 2.443369e-03 2.443853e-03 2.415835e-03 2.371046e-03 2.368666e-03 2.443419e-03 2.443897e-03 7.585046e-03 6.739229e-03 6.858405e-03 
     6.5                2.930517e-03 2.239043e-03 3.527529e-03 3.527759e-03 3.584057e-03 3.530511e-03 3.288397e-03 3.527520e-03 3.527750e-03 1.110368e-02 9.604025e-03 9.615343e-03 
     7.5                3.529335e-03 2.810970e-03 4.626338e-03 4.625237e-03 4.872126e-03 4.808924e-03 4.174890e-03 4.626313e-03 4.625209e-03 1.482793e-02 1.259598e-02 1.229780e-02 
     8.5                4.193660e-03 3.260712e-03 5.655390e-03 5.655796e-03 6.218965e-03 6.138679e-03 5.063064e-03 5.655390e-03 5.655788e-03 1.854155e-02 1.565502e-02 1.485183e-02 
     9.5                4.813305e-03 3.494015e-03 6.629524e-03 6.629101e-03 7.603685e-03 7.507997e-03 5.866831e-03 6.629561e-03 6.629143e-03 2.223287e-02 1.856920e-02 1.707185e-02 
    10.5                5.375045e-03 3.386444e-03 7.499921e-03 7.498013e-03 8.936696e-03 8.787521e-03 6.620597e-03 7.499851e-03 7.497952e-03 2.566869e-02 2.108154e-02 1.883115e-02 
    11.5                6.057728e-03 3.206843e-03 8.283446e-03 8.283121e-03 1.020924e-02 1.012940e-02 7.426190e-03 8.283427e-03 8.283115e-03 2.897102e-02 2.367597e-02 2.052922e-02 
    12.5                6.568761e-03 2.950079e-03 8.837847e-03 8.839603e-03 1.137279e-02 1.120976e-02 7.975116e-03 8.837834e-03 8.839596e-03 3.162397e-02 2.577529e-02 2.166539e-02 
    13.5                7.203283e-03 2.642209e-03 9.331350e-03 9.332093e-03 1.241281e-02 1.228572e-02 8.559992e-03 9.331404e-03 9.332153e-03 3.409451e-02 2.783670e-02 2.277943e-02 
    14.5                7.844075e-03 2.294818e-03 9.684660e-03 9.681095e-03 1.328126e-02 1.315610e-02 9.076121e-03 9.684739e-03 9.681188e-03 3.603696e-02 2.952410e-02 2.362228e-02 
    15.5                8.426141e-03 1.954295e-03 9.891144e-03 9.890205e-03 1.405305e-02 1.392562e-02 9.431134e-03 9.891262e-03 9.890325e-03 3.762406e-02 3.101443e-02 2.419066e-02 
    16.5                9.125557e-03 1.618744e-03 1.007881e-02 1.008086e-02 1.474066e-02 1.468766e-02 9.823051e-03 1.007894e-02 1.008097e-02 3.911563e-02 3.248555e-02 2.481715e-02 
    17.5                9.785658e-03 1.305582e-03 1.015999e-02 1.016137e-02 1.538785e-02 1.528601e-02 1.010002e-02 1.016006e-02 1.016145e-02 4.028572e-02 3.375615e-02 2.523934e-02 
    18.5                1.045724e-02 1.009478e-03 1.015653e-02 1.015727e-02 1.587066e-02 1.584101e-02 1.031806e-02 1.015669e-02 1.015744e-02 4.116155e-02 3.483205e-02 2.551232e-02 
    19.5                1.106356e-02 7.519872e-04 1.004420e-02 1.003966e-02 1.620870e-02 1.618919e-02 1.040461e-02 1.004439e-02 1.003984e-02 4.158302e-02 3.557819e-02 2.558443e-02 
    20.5                1.162639e-02 5.295108e-04 9.863786e-03 9.864348e-03 1.640770e-02 1.628305e-02 1.045102e-02 9.863946e-03 9.864511e-03 4.153995e-02 3.594323e-02 2.549124e-02 
    21.5                1.237734e-02 3.459850e-04 9.683096e-03 9.686415e-03 1.654009e-02 1.652187e-02 1.053817e-02 9.683316e-03 9.686681e-03 4.161673e-02 3.648520e-02 2.559129e-02 
    22.5                1.302618e-02 2.137696e-04 9.442771e-03 9.443662e-03 1.661855e-02 1.669250e-02 1.052647e-02 9.443155e-03 9.444020e-03 4.149640e-02 3.687444e-02 2.552385e-02 
    23.5                1.358035e-02 1.245640e-04 9.162159e-03 9.164096e-03 1.652917e-02 1.658318e-02 1.056448e-02 9.162427e-03 9.164354e-03 4.092812e-02 3.683229e-02 2.533243e-02 
    24.5                1.408226e-02 7.571905e-05 8.837883e-03 8.838053e-03 1.640177e-02 1.633919e-02 1.049452e-02 8.838077e-03 8.838232e-03 4.014564e-02 3.662041e-02 2.501550e-02 
    25.5                1.472935e-02 4.985392e-05 8.495793e-03 8.492749e-03 1.627755e-02 1.621088e-02 1.042726e-02 8.495893e-03 8.492844e-03 3.946893e-02 3.659307e-02 2.483375e-02 
    26.5                1.517076e-02 3.069891e-05 8.144210e-03 8.142641e-03 1.594542e-02 1.598868e-02 1.039594e-02 8.144369e-03 8.142795e-03 3.851218e-02 3.622647e-02 2.451168e-02 
    27.5                1.563363e-02 1.517766e-05 7.804579e-03 7.805083e-03 1.576612e-02 1.568321e-02 1.040334e-02 7.804698e-03 7.805229e-03 3.762603e-02 3.593366e-02 2.424538e-02 
    28.5                1.583296e-02 4.802066e-06 7.405303e-03 7.403545e-03 1.529211e-02 1.524214e-02 1.023027e-02 7.405509e-03 7.403753e-03 3.627418e-02 3.515499e-02 2.369948e-02 
    29.5                1.613394e-02 3.315383e-07 7.009310e-03 7.014837e-03 1.486843e-02 1.488878e-02 1.009069e-02 7.009558e-03 7.015113e-03 3.505103e-02 3.455451e-02 2.328576e-02 
    30.5                1.660614e-02 0.000000e+00 6.643354e-03 6.641758e-03 1.428457e-02 1.456683e-02 1.016582e-02 6.643633e-03 6.642052e-03 3.375231e-02 3.403283e-02 2.309894e-02 
    31.5                1.663495e-02 0.000000e+00 6.285492e-03 6.281412e-03 1.380328e-02 1.391810e-02 1.010197e-02 6.285839e-03 6.281722e-03 3.226400e-02 3.300894e-02 2.253561e-02 
    32.5                1.681810e-02 0.000000e+00 5.952856e-03 5.951583e-03 1.339113e-02 1.341387e-02 1.005564e-02 5.952977e-03 5.951651e-03 3.102309e-02 3.228177e-02 2.217963e-02 
    33.5                1.703338e-02 0.000000e+00 5.601479e-03 5.603286e-03 1.283933e-02 1.284700e-02 1.008367e-02 5.601561e-03 5.603390e-03 2.958374e-02 3.150518e-02 2.188227e-02 
    34.5                1.700457e-02 0.000000e+00 5.292385e-03 5.290042e-03 1.235709e-02 1.246972e-02 9.996561e-03 5.292481e-03 5.290116e-03 2.843897e-02 3.064310e-02 2.139282e-02 
    35.5                1.699383e-02 0.000000e+00 5.025138e-03 5.024832e-03 1.176738e-02 1.196504e-02 9.922513e-03 5.025224e-03 5.024942e-03 2.712198e-02 2.970190e-02 2.099323e-02 
    36.5                1.734438e-02 0.000000e+00 4.789384e-03 4.790482e-03 1.143948e-02 1.161296e-02 1.011650e-02 4.789585e-03 4.790750e-03 2.621236e-02 2.934770e-02 2.098208e-02 
    37.5                1.744262e-02 0.000000e+00 4.561562e-03 4.561896e-03 1.100281e-02 1.113690e-02 1.019306e-02 4.561728e-03 4.561998e-03 2.510820e-02 2.865892e-02 2.076418e-02 
    38.5                1.736027e-02 0.000000e+00 4.361221e-03 4.360436e-03 1.044510e-02 1.054988e-02 1.022996e-02 4.361301e-03 4.360532e-03 2.380624e-02 2.771688e-02 2.041436e-02 
    39.5                1.799807e-02 0.000000e+00 4.230004e-03 4.234153e-03 1.039517e-02 1.029287e-02 1.067159e-02 4.230253e-03 4.234385e-03 2.337225e-02 2.790001e-02 2.081776e-02 
    40.5                1.849227e-02 0.000000e+00 4.131035e-03 4.137343e-03 1.014212e-02 1.015180e-02 1.092169e-02 4.131227e-03 4.137508e-03 2.290038e-02 2.793148e-02 2.113001e-02 
    41.5                1.874934e-02 0.000000e+00 3.985489e-03 3.981537e-03 9.757553e-03 9.809093e-03 1.100624e-02 3.985712e-03 3.981771e-03 2.206647e-02 2.757847e-02 2.119117e-02 
    42.5                1.916629e-02 0.000000e+00 3.876649e-03 3.874771e-03 9.321985e-03 9.540962e-03 1.138257e-02 3.876779e-03 3.874915e-03 2.130217e-02 2.739182e-02 2.143933e-02 
    43.5                2.066382e-02 0.000000e+00 3.831808e-03 3.833557e-03 9.444559e-03 9.471609e-03 1.231761e-02 3.831623e-03 3.833383e-03 2.130888e-02 2.859891e-02 2.281062e-02 
    44.5                2.158733e-02 0.000000e+00 3.798971e-03 3.802374e-03 9.342283e-03 9.563220e-03 1.284551e-02 3.799168e-03 3.802545e-03 2.127542e-02 2.923873e-02 2.362223e-02 
    45.5                2.224523e-02 0.000000e+00 3.783463e-03 3.778844e-03 9.303395e-03 9.328281e-03 1.339447e-02 3.783466e-03 3.778816e-03 2.098978e-02 2.949925e-02 2.419334e-02 
    46.5                2.294971e-02 0.000000e+00 3.745977e-03 3.745711e-03 9.152358e-03 9.120566e-03 1.388099e-02 3.745728e-03 3.745438e-03 2.063518e-02 2.982628e-02 2.481062e-02 
    47.5                2.490300e-02 0.000000e+00 3.807753e-03 3.809651e-03 9.205877e-03 9.229969e-03 1.515178e-02 3.807430e-03 3.809376e-03 2.086143e-02 3.153048e-02 2.670228e-02 
    48.5                2.694753e-02 0.000000e+00 3.879815e-03 3.880986e-03 9.372677e-03 9.290846e-03 1.635172e-02 3.880104e-03 3.881288e-03 2.116248e-02 3.337031e-02 2.869376e-02 
    49.5                2.836524e-02 0.000000e+00 3.923899e-03 3.923581e-03 9.297166e-03 9.196810e-03 1.722355e-02 3.923978e-03 3.923660e-03 2.105239e-02 3.446428e-02 3.005617e-02 
    50.5                2.978767e-02 0.000000e+00 3.934939e-03 3.937936e-03 9.037920e-03 9.091317e-03 1.814698e-02 3.934901e-03 3.937822e-03 2.074476e-02 3.550437e-02 3.141987e-02 
    51.5                3.126454e-02 0.000000e+00 3.988411e-03 3.987579e-03 8.877462e-03 8.826001e-03 1.906063e-02 3.987907e-03 3.987072e-03 2.041976e-02 3.657067e-02 3.285819e-02 
    52.5                3.255555e-02 0.000000e+00 4.038979e-03 4.036724e-03 8.562206e-03 8.628573e-03 1.980446e-02 4.038831e-03 4.036548e-03 2.005822e-02 3.751738e-02 3.411699e-02 
    53.5                3.531811e-02 0.000000e+00 4.123440e-03 4.126373e-03 8.491910e-03 8.447306e-03 2.136947e-02 4.123222e-03 4.126249e-03 1.995455e-02 3.997440e-02 3.683848e-02 
    54.5                3.676551e-02 0.000000e+00 4.102504e-03 4.096994e-03 8.196895e-03 8.164866e-03 2.211963e-02 4.102558e-03 4.097089e-03 1.943984e-02 4.105119e-02 3.822353e-02 
    55.5                3.552176e-02 0.000000e+00 3.898971e-03 3.899392e-03 7.536248e-03 7.579664e-03 2.132897e-02 3.899336e-03 3.899879e-03 1.812929e-02 3.934143e-02 3.688220e-02 
    56.5                3.483652e-02 0.000000e+00 3.757293e-03 3.760615e-03 6.901088e-03 7.060411e-03 2.091801e-02 3.757934e-03 3.761173e-03 1.698232e-02 3.823847e-02 3.611686e-02 
    57.5                3.325161e-02 0.000000e+00 3.563943e-03 3.563644e-03 6.413785e-03 6.325381e-03 1.990353e-02 3.564577e-03 3.564289e-03 1.571462e-02 3.626202e-02 3.443349e-02 
    58.5                3.046618e-02 0.000000e+00 3.303268e-03 3.299874e-03 5.703124e-03 5.698387e-03 1.828416e-02 3.303621e-03 3.300221e-03 1.424022e-02 3.306846e-02 3.154109e-02 
    59.5                2.832637e-02 0.000000e+00 3.006541e-03 3.009893e-03 5.078504e-03 5.083704e-03 1.694141e-02 3.006482e-03 3.009836e-03 1.277322e-02 3.054440e-02 2.928144e-02 
    60.5                2.657270e-02 0.000000e+00 2.723680e-03 2.721667e-03 4.458776e-03 4.486570e-03 1.586179e-02 2.723945e-03 2.721891e-03 1.135150e-02 2.842696e-02 2.741272e-02 
    61.5                2.407561e-02 0.000000e+00 2.395925e-03 2.395388e-03 3.768475e-03 3.759275e-03 1.433351e-02 2.395431e-03 2.394903e-03 9.701692e-03 2.555871e-02 2.479651e-02 
    62.5                2.173884e-02 0.000000e+00 2.070644e-03 2.070618e-03 3.148364e-03 3.155435e-03 1.289303e-02 2.070560e-03 2.070511e-03 8.234341e-03 2.291974e-02 2.234372e-02 
    63.5                1.846868e-02 0.000000e+00 1.737514e-03 1.737495e-03 2.505874e-03 2.522075e-03 1.094348e-02 1.737857e-03 1.737818e-03 6.697518e-03 1.936655e-02 1.895868e-02 
    64.5                1.551176e-02 0.000000e+00 1.399108e-03 1.399110e-03 1.971275e-03 1.997532e-03 9.145777e-03 1.399211e-03 1.399237e-03 5.325550e-03 1.617568e-02 1.588916e-02 
    65.5                1.253125e-02 0.000000e+00 1.079468e-03 1.080407e-03 1.516717e-03 1.507436e-03 7.370890e-03 1.079377e-03 1.080338e-03 4.088899e-03 1.300431e-02 1.280924e-02 
    66.5                9.658393e-03 0.000000e+00 8.030593e-04 8.025355e-04 1.020479e-03 1.044500e-03 5.685472e-03 8.032919e-04 8.027833e-04 2.884238e-03 9.954363e-03 9.852465e-03 
    67.5                7.139544e-03 0.000000e+00 5.530505e-04 5.528918e-04 6.740323e-04 7.132882e-04 4.185606e-03 5.531251e-04 5.529436e-04 1.960886e-03 7.320032e-03 7.263983e-03 
    68.5                4.905540e-03 0.000000e+00 3.513556e-04 3.511920e-04 4.092967e-04 4.505914e-04 2.867035e-03 3.514002e-04 3.512261e-04 1.228626e-03 5.004078e-03 4.977074e-03 
    69.5                3.308883e-03 0.000000e+00 1.997341e-04 1.996919e-04 2.120790e-04 2.497861e-04 1.936220e-03 1.998661e-04 1.998198e-04 6.769470e-04 3.352248e-03 3.343572e-03 
    70.5                1.743964e-03 0.000000e+00 8.336870e-05 8.330601e-05 7.536282e-05 1.053574e-04 1.024928e-03 8.348704e-05 8.341685e-05 2.737392e-04 1.757031e-03 1.755466e-03 
    71.5                4.220713e-04 0.000000e+00 1.394283e-05 1.394055e-05 8.535376e-06 1.847827e-05 2.500123e-04 1.399004e-05 1.398103e-05 4.326218e-05 4.233462e-04 4.234110e-04 
    72.5                1.236038e-06 0.000000e+00 1.312392e-08 1.327533e-08 1.787837e-08 8.689389e-09 7.297345e-07 1.324105e-08 1.340634e-08 4.127474e-08 1.236444e-06 1.236450e-06 
    73.5                0.000000e+00 0.000000e+00 0.000000e+00 0.000000e+00 0.000000e+00 0.000000e+00 0.000000e+00 0.000000e+00 0.000000e+00 0.000000e+00 0.000000e+00 0.000000e+00 
    74.5                0.000000e+00 0.000000e+00 0.000000e+00 0.000000e+00 0.000000e+00 0.000000e+00 0.000000e+00 0.000000e+00 0.000000e+00 0.000000e+00 0.000000e+00 0.000000e+00 
    75.5                0.000000e+00 0.000000e+00 0.000000e+00 0.000000e+00 0.000000e+00 0.000000e+00 0.000000e+00 0.000000e+00 0.000000e+00 0.000000e+00 0.000000e+00 0.000000e+00 
    76.5                0.000000e+00 0.000000e+00 0.000000e+00 0.000000e+00 0.000000e+00 0.000000e+00 0.000000e+00 0.000000e+00 0.000000e+00 0.000000e+00 0.000000e+00 0.000000e+00 
    77.5                0.000000e+00 0.000000e+00 0.000000e+00 0.000000e+00 0.000000e+00 0.000000e+00 0.000000e+00 0.000000e+00 0.000000e+00 0.000000e+00 0.000000e+00 0.000000e+00 
    78.5                0.000000e+00 0.000000e+00 0.000000e+00 0.000000e+00 0.000000e+00 0.000000e+00 0.000000e+00 0.000000e+00 0.000000e+00 0.000000e+00 0.000000e+00 0.000000e+00 
    79.5                0.000000e+00 0.000000e+00 0.000000e+00 0.000000e+00 0.000000e+00 0.000000e+00 0.000000e+00 0.000000e+00 0.000000e+00 0.000000e+00 0.000000e+00 0.000000e+00 


