# 80 rows of flux data
# 12 columns of flux data
# 
# total cross-sectional flux  5.683000e-02 /m^2/yr
#
#                             +x ram      -x wake      +y port -y starboard    +z zenith     -z nadir        Earth          Sun     anti-Sun      rot (x)      rot (y)      rot (z) 
# average speed (km/s)          0.08         0.06         1.32         1.32         1.12         1.04         1.06         1.32         1.32         0.29         0.19         0.43 
# total flux (#/m2/yr)  4.316906e-02 1.934825e-03 1.929454e-02 1.929734e-02 2.051384e-01 2.141239e-01 3.662892e-02 1.960876e-02 1.961128e-02 3.514824e-02 8.039810e-02 1.622092e-02 
# velocity (km/s)
     0.5                2.000509e-06 1.173171e-06 1.887155e-06 1.887889e-06 1.675183e-06 1.729477e-06 2.005110e-06 1.886867e-06 1.887660e-06 4.756062e-06 4.790844e-06 4.543551e-06 
     1.5                1.511046e-05 1.015575e-05 2.321057e-05 2.309833e-05 1.454099e-05 1.498161e-05 2.196060e-05 2.320673e-05 2.309488e-05 4.001548e-05 3.986577e-05 3.715101e-05 
     2.5                2.672418e-05 3.387101e-05 8.317750e-05 8.271182e-05 4.348736e-05 4.284414e-05 7.060131e-05 8.317381e-05 8.270630e-05 9.583642e-05 9.624808e-05 7.990985e-05 
     3.5                8.171432e-05 5.418283e-05 1.480383e-04 1.479049e-04 7.408484e-05 7.278195e-05 1.261565e-04 1.480298e-04 1.478979e-04 2.291457e-04 1.999498e-04 2.231814e-04 
     4.5                1.978381e-04 8.579128e-05 1.854114e-04 1.856579e-04 1.706731e-04 1.889849e-04 2.053598e-04 1.854118e-04 1.856535e-04 4.677210e-04 4.164304e-04 4.653161e-04 
     5.5                2.553041e-04 1.164399e-04 2.526204e-04 2.535080e-04 3.355657e-04 3.560818e-04 3.093601e-04 2.526754e-04 2.535605e-04 7.166685e-04 6.344002e-04 6.435745e-04 
     6.5                2.827296e-04 1.734536e-04 4.530758e-04 4.535777e-04 6.093933e-04 6.190986e-04 4.998380e-04 4.530388e-04 4.535406e-04 9.693892e-04 8.238011e-04 8.100090e-04 
     7.5                3.246133e-04 1.897158e-04 6.558549e-04 6.549291e-04 8.994792e-04 9.295825e-04 7.019629e-04 6.557981e-04 6.548869e-04 1.147393e-03 9.765585e-04 9.231035e-04 
     8.5                2.786879e-04 2.332471e-04 8.427783e-04 8.420323e-04 1.245836e-03 1.297368e-03 8.619565e-04 8.428032e-04 8.420521e-04 1.385514e-03 1.091117e-03 1.054344e-03 
     9.5                3.203751e-04 2.081539e-04 1.006652e-03 1.005997e-03 1.696879e-03 1.731446e-03 1.074544e-03 1.006702e-03 1.006047e-03 1.523293e-03 1.149211e-03 1.179241e-03 
    10.5                3.710285e-04 1.863506e-04 1.171440e-03 1.168859e-03 2.164913e-03 2.244194e-03 1.289879e-03 1.171396e-03 1.168818e-03 1.638575e-03 1.149860e-03 1.313835e-03 
    11.5                3.022732e-04 1.517956e-04 1.273908e-03 1.273147e-03 2.622577e-03 2.680636e-03 1.387718e-03 1.274017e-03 1.273291e-03 1.604677e-03 9.455576e-04 1.319963e-03 
    12.5                3.217719e-04 1.190894e-04 1.260783e-03 1.261649e-03 3.186021e-03 3.205323e-03 1.463918e-03 1.261089e-03 1.262009e-03 1.662787e-03 9.660674e-04 1.392204e-03 
    13.5                3.515768e-04 1.006188e-04 1.287437e-03 1.287767e-03 3.707089e-03 3.763509e-03 1.566685e-03 1.288066e-03 1.288422e-03 1.613736e-03 9.294069e-04 1.427372e-03 
    14.5                3.287662e-04 9.092923e-05 1.280633e-03 1.277849e-03 4.084381e-03 4.195368e-03 1.604215e-03 1.281484e-03 1.278713e-03 1.621936e-03 9.171020e-04 1.413415e-03 
    15.5                3.386640e-04 7.249561e-05 1.243698e-03 1.243561e-03 4.657934e-03 4.728607e-03 1.659892e-03 1.244769e-03 1.244652e-03 1.606116e-03 8.811644e-04 1.463414e-03 
    16.5                3.021165e-04 5.770661e-05 1.233867e-03 1.234574e-03 5.126539e-03 5.285901e-03 1.703590e-03 1.234996e-03 1.235738e-03 1.447442e-03 7.203581e-04 1.380713e-03 
    17.5                3.791226e-04 4.242954e-05 1.172937e-03 1.173903e-03 5.654965e-03 5.791174e-03 1.745801e-03 1.174372e-03 1.175359e-03 1.312190e-03 6.749349e-04 1.435196e-03 
    18.5                3.167511e-04 3.201712e-05 1.089556e-03 1.089374e-03 6.097140e-03 6.275204e-03 1.725849e-03 1.091349e-03 1.091219e-03 1.062235e-03 5.422501e-04 1.375798e-03 
    19.5                2.340188e-04 2.411951e-05 9.729121e-04 9.716125e-04 6.666071e-03 6.763097e-03 1.679874e-03 9.752412e-04 9.739449e-04 6.943311e-04 5.488530e-04 1.201179e-03 
    20.5                2.052818e-04 2.181613e-05 8.457782e-04 8.469377e-04 6.974582e-03 7.018497e-03 1.628849e-03 8.484641e-04 8.496515e-04 6.055102e-04 6.655801e-04 1.095951e-03 
    21.5                3.827037e-04 2.325294e-05 7.710916e-04 7.720957e-04 7.373134e-03 7.536893e-03 1.605148e-03 7.741438e-04 7.752696e-04 5.455192e-04 1.031174e-03 9.820216e-04 
    22.5                5.254123e-04 1.657964e-05 6.528730e-04 6.524490e-04 7.730942e-03 8.070244e-03 1.507361e-03 6.570070e-04 6.565267e-04 7.905913e-04 1.561441e-03 7.156748e-04 
    23.5                6.711114e-04 1.204719e-05 5.696843e-04 5.714754e-04 7.741545e-03 8.029226e-03 1.347612e-03 5.740382e-04 5.758715e-04 1.041868e-03 1.895902e-03 5.179634e-04 
    24.5                7.304760e-04 9.359256e-06 5.103296e-04 5.094937e-04 7.839008e-03 8.111212e-03 1.276617e-03 5.153846e-04 5.145613e-04 1.289294e-03 2.090757e-03 5.092759e-04 
    25.5                1.064469e-03 6.640100e-06 4.528000e-04 4.523806e-04 8.196145e-03 8.389226e-03 1.148190e-03 4.581022e-04 4.577756e-04 1.873090e-03 2.787433e-03 4.506408e-04 
    26.5                1.304239e-03 3.840579e-06 3.925237e-04 3.909460e-04 8.116489e-03 8.223868e-03 9.488728e-04 3.987628e-04 3.970845e-04 2.389418e-03 3.348753e-03 6.570001e-04 
    27.5                1.591337e-03 1.899610e-06 3.506408e-04 3.525543e-04 7.921160e-03 8.130744e-03 7.440217e-04 3.569603e-04 3.592417e-04 3.016453e-03 3.974205e-03 1.036823e-03 
    28.5                1.664279e-03 4.931461e-07 3.671720e-04 3.668968e-04 7.758323e-03 7.948710e-03 7.329196e-04 3.745629e-04 3.741484e-04 3.148996e-03 4.074768e-03 1.200740e-03 
    29.5                1.938325e-03 3.175153e-08 3.394916e-04 3.418039e-04 7.755049e-03 7.788072e-03 5.861145e-04 3.472879e-04 3.498101e-04 3.534988e-03 4.494294e-03 1.535612e-03 
    30.5                2.354077e-03 0.000000e+00 3.535448e-04 3.511591e-04 7.386190e-03 7.527519e-03 4.408257e-04 3.608774e-04 3.584986e-04 3.694267e-03 4.875857e-03 1.989934e-03 
    31.5                2.255857e-03 0.000000e+00 3.592617e-04 3.582896e-04 6.729258e-03 6.998750e-03 4.493251e-04 3.665015e-04 3.653342e-04 3.713558e-03 4.728987e-03 1.981749e-03 
    32.5                2.322323e-03 0.000000e+00 3.378712e-04 3.387866e-04 6.425071e-03 6.701467e-03 4.117189e-04 3.437703e-04 3.442013e-04 3.899412e-03 4.824791e-03 2.099852e-03 
    33.5                2.446308e-03 0.000000e+00 3.610939e-04 3.647925e-04 5.950071e-03 6.217774e-03 3.821912e-04 3.656702e-04 3.693765e-04 3.639168e-03 4.768730e-03 2.220516e-03 
    34.5                2.449724e-03 0.000000e+00 3.260589e-04 3.245219e-04 5.581411e-03 5.709904e-03 4.424202e-04 3.303956e-04 3.283551e-04 3.645247e-03 4.714859e-03 2.229377e-03 
    35.5                2.097666e-03 0.000000e+00 3.068249e-04 3.087546e-04 5.084813e-03 5.409989e-03 4.669331e-04 3.100074e-04 3.121932e-04 3.252708e-03 4.148405e-03 1.877419e-03 
    36.5                2.205792e-03 0.000000e+00 2.989347e-04 3.011753e-04 4.677435e-03 4.942133e-03 4.286421e-04 3.035912e-04 3.060577e-04 3.297901e-03 4.238146e-03 1.981907e-03 
    37.5                2.050605e-03 0.000000e+00 2.984470e-04 3.016540e-04 4.080159e-03 4.456185e-03 4.751234e-04 3.025226e-04 3.054135e-04 2.956154e-03 3.841368e-03 1.832352e-03 
    38.5                1.400341e-03 0.000000e+00 3.142125e-04 3.121293e-04 3.516335e-03 3.554782e-03 5.327984e-04 3.167142e-04 3.144666e-04 2.049850e-03 2.711457e-03 1.179287e-03 
    39.5                1.532933e-03 0.000000e+00 3.311278e-04 3.357697e-04 3.086903e-03 3.016222e-03 5.259675e-04 3.341943e-04 3.385041e-04 2.116974e-03 2.847523e-03 1.322360e-03 
    40.5                1.431035e-03 0.000000e+00 3.477836e-04 3.587453e-04 2.858430e-03 2.955690e-03 6.264874e-04 3.494075e-04 3.601356e-04 1.965791e-03 2.637606e-03 1.241552e-03 
    41.5                1.228884e-03 0.000000e+00 3.922395e-04 3.846928e-04 2.756951e-03 2.966159e-03 8.245388e-04 3.938348e-04 3.863701e-04 1.533852e-03 2.180849e-03 1.081481e-03 
    42.5                8.943778e-04 0.000000e+00 4.415686e-04 4.378503e-04 2.137489e-03 2.346115e-03 9.017809e-04 4.430225e-04 4.396485e-04 1.080576e-03 1.497653e-03 8.897458e-04 
    43.5                1.467101e-03 0.000000e+00 4.455633e-04 4.463599e-04 2.103513e-03 2.009561e-03 7.735539e-04 4.466290e-04 4.473661e-04 1.439031e-03 2.246557e-03 1.307808e-03 
    44.5                2.066053e-03 0.000000e+00 4.030011e-04 4.017145e-04 1.913877e-03 2.153029e-03 6.803558e-04 4.055694e-04 4.041711e-04 1.666970e-03 2.948633e-03 1.816814e-03 
    45.5                2.045559e-03 0.000000e+00 3.722742e-04 3.726732e-04 1.444772e-03 1.678636e-03 7.862465e-04 3.738725e-04 3.739295e-04 1.543751e-03 2.795707e-03 1.828327e-03 
    46.5                1.536874e-03 0.000000e+00 4.036397e-04 4.022323e-04 1.239646e-03 1.276707e-03 7.857556e-04 4.037165e-04 4.022111e-04 1.158612e-03 2.126463e-03 1.356703e-03 
    47.5                1.658538e-03 0.000000e+00 4.120109e-04 4.148785e-04 1.119410e-03 1.036985e-03 8.467488e-04 4.119379e-04 4.152383e-04 1.220460e-03 2.242564e-03 1.477809e-03 
    48.5                2.151946e-03 0.000000e+00 3.996941e-04 4.025573e-04 1.320738e-03 1.060025e-03 1.106987e-03 4.020793e-04 4.045521e-04 1.439825e-03 2.751608e-03 2.012144e-03 
    49.5                1.418048e-03 0.000000e+00 4.055601e-04 4.038806e-04 1.166376e-03 1.034865e-03 9.165405e-04 4.075265e-04 4.055981e-04 9.959003e-04 1.857726e-03 1.300828e-03 
    50.5                1.094513e-03 0.000000e+00 4.724529e-04 4.772579e-04 5.846615e-04 9.976603e-04 1.096857e-03 4.730337e-04 4.773881e-04 7.864311e-04 1.369272e-03 1.136879e-03 
    51.5                1.711279e-03 0.000000e+00 6.016274e-04 6.004077e-04 4.973046e-04 7.363500e-04 1.815827e-03 6.005332e-04 5.995401e-04 8.831989e-04 1.724818e-03 1.937854e-03 
    52.5                2.841127e-03 0.000000e+00 7.172955e-04 7.145165e-04 6.358427e-04 8.508783e-04 2.636710e-03 7.166402e-04 7.139604e-04 1.134160e-03 2.807574e-03 3.098444e-03 
    53.5                2.250782e-03 0.000000e+00 7.380322e-04 7.390361e-04 9.276919e-04 9.745193e-04 2.348192e-03 7.379263e-04 7.393030e-04 8.351659e-04 2.194979e-03 2.435770e-03 
    54.5                1.312929e-03 0.000000e+00 6.309453e-04 6.298824e-04 1.022108e-03 1.290586e-03 1.426192e-03 6.340091e-04 6.328738e-04 6.632825e-04 1.499582e-03 1.272800e-03 
    55.5                1.062663e-03 0.000000e+00 6.123347e-04 6.132732e-04 1.199728e-03 1.205404e-03 1.448419e-03 6.163204e-04 6.179324e-04 5.756294e-04 1.181646e-03 1.060650e-03 
    56.5                1.315289e-03 0.000000e+00 6.319276e-04 6.337745e-04 1.052653e-03 1.234354e-03 1.360748e-03 6.347766e-04 6.361932e-04 6.978420e-04 1.435598e-03 1.269306e-03 
    57.5                1.150702e-03 0.000000e+00 5.641972e-04 5.658970e-04 1.142685e-03 1.330193e-03 1.139458e-03 5.686337e-04 5.703383e-04 5.075156e-04 1.250605e-03 1.067516e-03 
    58.5                7.612126e-04 0.000000e+00 4.899953e-04 4.870245e-04 9.262616e-04 1.089776e-03 1.206569e-03 4.929506e-04 4.898309e-04 4.907744e-04 8.346104e-04 7.602056e-04 
    59.5                9.806081e-04 0.000000e+00 4.564198e-04 4.582695e-04 9.696513e-04 1.256038e-03 1.315535e-03 4.577870e-04 4.597542e-04 6.221053e-04 1.065860e-03 1.015240e-03 
    60.5                8.111055e-04 0.000000e+00 4.631746e-04 4.620464e-04 1.028457e-03 1.257492e-03 1.308859e-03 4.662910e-04 4.648862e-04 6.749449e-04 9.079882e-04 8.506084e-04 
    61.5                8.689139e-04 0.000000e+00 4.310097e-04 4.307164e-04 1.010298e-03 1.226832e-03 1.099454e-03 4.310100e-04 4.308310e-04 6.376806e-04 9.276031e-04 8.828716e-04 
    62.5                9.927082e-04 0.000000e+00 3.874458e-04 3.880527e-04 9.930352e-04 1.179112e-03 7.273807e-04 3.894207e-04 3.898584e-04 4.271007e-04 9.733506e-04 9.593329e-04 
    63.5                1.282304e-03 0.000000e+00 3.239022e-04 3.249724e-04 8.516043e-04 1.046513e-03 7.983532e-04 3.269700e-04 3.278874e-04 4.096194e-04 1.288089e-03 1.279941e-03 
    64.5                1.465249e-03 0.000000e+00 2.596257e-04 2.588812e-04 8.032946e-04 9.772550e-04 6.717134e-04 2.616993e-04 2.610770e-04 2.840157e-04 1.449336e-03 1.467137e-03 
    65.5                1.202585e-03 0.000000e+00 2.189528e-04 2.196044e-04 7.195285e-04 8.127292e-04 5.401265e-04 2.200425e-04 2.207632e-04 2.413848e-04 1.190712e-03 1.204443e-03 
    66.5                8.572666e-04 0.000000e+00 1.766442e-04 1.773917e-04 5.433045e-04 6.342445e-04 4.177253e-04 1.788307e-04 1.795720e-04 1.704301e-04 8.374820e-04 8.687444e-04 
    67.5                1.114043e-03 0.000000e+00 1.436870e-04 1.429513e-04 4.065972e-04 4.980846e-04 5.093291e-04 1.452950e-04 1.444391e-04 1.512483e-04 1.103390e-03 1.128219e-03 
    68.5                9.658520e-04 0.000000e+00 1.086982e-04 1.087399e-04 2.841179e-04 3.590582e-04 4.467187e-04 1.097215e-04 1.096843e-04 1.568076e-04 9.634170e-04 9.798913e-04 
    69.5                1.035989e-03 0.000000e+00 8.238162e-05 8.250802e-05 1.652985e-04 2.185562e-04 5.377560e-04 8.332487e-05 8.339115e-05 1.557154e-04 1.038331e-03 1.046861e-03 
    70.5                8.254369e-04 0.000000e+00 4.488745e-05 4.496123e-05 5.560352e-05 1.014409e-04 4.529813e-04 4.549731e-05 4.550496e-05 1.129116e-04 8.288799e-04 8.312780e-04 
    71.5                3.279670e-04 0.000000e+00 1.221420e-05 1.226446e-05 4.064839e-06 1.940661e-05 1.875913e-04 1.233802e-05 1.235875e-05 3.481318e-05 3.288961e-04 3.292142e-04 
    72.5                2.368769e-06 0.000000e+00 2.773808e-08 3.151949e-08 3.804124e-08 1.570422e-08 1.389633e-06 2.844055e-08 3.254864e-08 8.254107e-08 2.369552e-06 2.369633e-06 
    73.5                0.000000e+00 0.000000e+00 0.000000e+00 0.000000e+00 0.000000e+00 0.000000e+00 0.000000e+00 0.000000e+00 0.000000e+00 0.000000e+00 0.000000e+00 0.000000e+00 
    74.5                0.000000e+00 0.000000e+00 0.000000e+00 0.000000e+00 0.000000e+00 0.000000e+00 0.000000e+00 0.000000e+00 0.000000e+00 0.000000e+00 0.000000e+00 0.000000e+00 
    75.5                0.000000e+00 0.000000e+00 0.000000e+00 0.000000e+00 0.000000e+00 0.000000e+00 0.000000e+00 0.000000e+00 0.000000e+00 0.000000e+00 0.000000e+00 0.000000e+00 
    76.5                0.000000e+00 0.000000e+00 0.000000e+00 0.000000e+00 0.000000e+00 0.000000e+00 0.000000e+00 0.000000e+00 0.000000e+00 0.000000e+00 0.000000e+00 0.000000e+00 
    77.5                0.000000e+00 0.000000e+00 0.000000e+00 0.000000e+00 0.000000e+00 0.000000e+00 0.000000e+00 0.000000e+00 0.000000e+00 0.000000e+00 0.000000e+00 0.000000e+00 
    78.5                0.000000e+00 0.000000e+00 0.000000e+00 0.000000e+00 0.000000e+00 0.000000e+00 0.000000e+00 0.000000e+00 0.000000e+00 0.000000e+00 0.000000e+00 0.000000e+00 
    79.5                0.000000e+00 0.000000e+00 0.000000e+00 0.000000e+00 0.000000e+00 0.000000e+00 0.000000e+00 0.000000e+00 0.000000e+00 0.000000e+00 0.000000e+00 0.000000e+00 


